166, 246, 211, 34, 10, 141, 195, 98, 38, 31, 166, 87, 77, 232, 157, 264
39, 39, 49, 177, 180, 98, 1, 81, 23, 201, 100, 7, 63, 191, 17, 264
178, 178, 123, 36, 219, 48, 149, 232, 116, 160, 44, 113, 99, 233, 141, 261
147, 147, 196, 45, 132, 167, 7, 237, 111, 18, 63, 81, 129, 103, 48, 258
214, 214, 57, 94, 120, 44, 133, 126, 158, 233, 149, 141, 197, 127, 191, 255
9, 9, 154, 176, 211, 191, 134, 72, 37, 149, 213, 66, 160, 7, 44, 261
67, 67, 105, 150, 94, 95, 145, 31, 111, 138, 148, 7, 86, 99, 213, 255
178, 178, 50, 71, 75, 103, 48, 58, 66, 166, 133, 159, 168, 128, 68, 264
198, 21, 123, 198, 239, 58, 102, 100, 22, 72, 158, 23, 30, 195, 160, 258
220, 220, 189, 162, 120, 30, 191, 19, 66, 91, 6, 102, 237, 238, 44, 261
13, 226, 13, 119, 33, 26, 68, 170, 7, 159, 166, 197, 86, 109, 82, 258
50, 56, 50, 239, 187, 139, 31, 148, 113, 158, 160, 66, 167, 58, 63, 258
17, 88, 225, 33, 53, 228, 7, 17, 164, 126, 6, 98, 77, 217, 224, 261
3, 3, 71, 43, 188, 126, 30, 102, 137, 87, 100, 58, 201, 44, 116, 252
234, 234, 80, 57, 219, 217, 173, 137, 31, 134, 38, 158, 87, 103, 18, 252
112, 112, 135, 123, 131, 98, 20, 77, 70, 66, 38, 128, 224, 160, 148, 264
84, 84, 125, 106, 132, 134, 26, 61, 240, 229, 24, 166, 19, 145, 230, 261
41, 41, 89, 79, 105, 218, 116, 209, 86, 217, 87, 166, 38, 77, 148, 255
198, 192, 198, 189, 43, 7, 69, 133, 68, 148, 91, 145, 224, 240, 166, 258
230, 193, 57, 120, 190, 51, 201, 171, 58, 230, 138, 238, 14, 82, 23, 258
41, 41, 155, 53, 10, 160, 68, 95, 118, 103, 61, 18, 237, 91, 17, 261
41, 41, 33, 215, 85, 241, 171, 17, 100, 224, 95, 65, 141, 38, 221, 255
242, 210, 242, 155, 131, 87, 157, 6, 44, 207, 38, 109, 175, 145, 164, 258
230, 5, 120, 142, 176, 149, 111, 63, 65, 55, 28, 98, 19, 157, 230, 264
13, 204, 125, 13, 53, 31, 229, 228, 51, 28, 175, 233, 158, 23, 230, 264
130, 130, 169, 196, 123, 65, 109, 24, 166, 6, 23, 173, 48, 230, 197, 255
3, 3, 212, 104, 79, 230, 229, 238, 77, 213, 18, 139, 44, 81, 95, 255
41, 41, 71, 188, 211, 93, 22, 126, 12, 91, 14, 171, 76, 138, 58, 252
121, 121, 156, 105, 57, 195, 202, 134, 191, 128, 238, 12, 240, 38, 81, 258
36, 5, 36, 189, 248, 81, 166, 241, 48, 14, 207, 137, 42, 195, 22, 264
