148, 148
77, 77, 255
166, 121, 17, 166
89, 89, 113, 108, 157
146, 146, 137, 118, 108, 255
21, 21, 188, 106, 109, 108, 252
140, 204, 131, 140, 14, 238, 166, 138
97, 210, 97, 205, 24, 81, 191, 240, 113
190, 190, 30, 232, 7, 240, 170, 20, 221, 252
140, 246, 10, 46, 51, 191, 47, 140, 168, 164, 129
103, 33, 11, 239, 138, 69, 133, 24, 103, 217, 148, 141
184, 184, 105, 206, 197, 98, 77, 30, 232, 228, 202, 74, 93
9, 9, 75, 205, 198, 28, 238, 58, 14, 61, 38, 134, 72, 258
158, 210, 205, 248, 94, 109, 91, 82, 158, 38, 139, 95, 108, 217, 255
166, 114, 16, 85, 97, 74, 166, 118, 108, 37, 159, 18, 232, 113, 7, 252
170, 170
97, 97, 191
29, 29, 63, 1
233, 233, 159, 99, 261
162, 226, 162, 31, 23, 261
167, 108, 167, 241, 1, 224, 197
233, 137, 127, 233, 145, 202, 12, 264
19, 168, 12, 99, 159, 207, 191, 19, 264
162, 162, 166, 149, 221, 66, 28, 237, 138, 264
230, 151, 131, 76, 158, 230, 164, 95, 14, 197, 261
236, 122, 188, 236, 108, 95, 70, 14, 170, 233, 228, 255
171, 120, 239, 17, 48, 170, 82, 28, 171, 100, 133, 238, 261
36, 88, 144, 36, 177, 77, 6, 109, 68, 138, 233, 171, 1, 91
41, 41, 57, 190, 13, 166, 230, 18, 141, 22, 102, 140, 241, 51, 126
223, 223, 83, 104, 198, 158, 116, 127, 139, 157, 140, 28, 18, 31, 61, 258
239, 239
7, 128, 7
180, 11, 180, 51
6, 160, 6, 164, 264
12, 224, 118, 98, 12, 261
200, 231, 80, 200, 12, 164, 139
231, 231, 120, 111, 213, 58, 141, 157
229, 75, 17, 238, 51, 229, 173, 148, 149
29, 29, 138, 126, 111, 63, 173, 55, 129, 255
229, 174, 154, 176, 238, 229, 20, 65, 82, 138, 93
189, 199, 189, 95, 191, 240, 48, 19, 159, 241, 221, 261
119, 119, 11, 47, 167, 138, 207, 137, 197, 55, 149, 12, 255
147, 147, 177, 35, 10, 69, 28, 149, 12, 18, 240, 42, 31, 264
140, 243, 89, 180, 140, 232, 58, 173, 65, 91, 224, 7, 148, 102, 264
117, 59, 117, 154, 115, 111, 240, 129, 109, 173, 191, 139, 148, 166, 108, 264
238, 238
17, 74, 17
233, 210, 19, 233
167, 146, 167, 14, 258
134, 204, 134, 197, 14, 217
124, 124, 79, 20, 230, 128, 6
117, 123, 117, 70, 138, 168, 26, 173
110, 110, 125, 132, 29, 221, 157, 23, 191
38, 135, 27, 248, 116, 217, 128, 87, 38, 261
163, 163, 40, 89, 50, 87, 128, 14, 126, 18, 252
212, 216, 215, 212, 79, 139, 1, 100, 82, 141, 109, 264
165, 165, 33, 117, 23, 241, 81, 100, 58, 82, 148, 30, 255
140, 10, 105, 248, 133, 201, 118, 61, 102, 116, 140, 195, 137, 258
15, 15, 211, 187, 132, 139, 138, 69, 1, 31, 217, 113, 111, 128, 264
119, 143, 219, 83, 119, 175, 201, 158, 139, 138, 31, 58, 7, 141, 232, 252
171, 171
127, 216, 127
131, 131, 42, 191
235, 235, 142, 31, 133
187, 187, 167, 38, 157, 111
147, 147, 18, 126, 20, 91, 228
140, 146, 35, 80, 160, 91, 233, 140
13, 13, 111, 157, 201, 61, 68, 82, 42
74, 24, 12, 133, 127, 74, 195, 126, 82, 252
211, 211, 85, 12, 157, 195, 66, 164, 170, 91, 258
171, 249, 227, 158, 82, 74, 197, 48, 171, 116, 108, 255
220, 220, 105, 50, 116, 65, 12, 224, 48, 69, 140, 197, 264
214, 214, 212, 80, 230, 126, 44, 38, 168, 238, 191, 28, 99, 261
203, 203, 40, 85, 46, 138, 238, 18, 98, 99, 44, 207, 149, 42, 261
4, 4, 227, 142, 211, 148, 102, 65, 240, 99, 48, 108, 44, 232, 218, 261
206, 206
146, 146, 44
4, 4, 241, 264
184, 184, 23, 113, 252
167, 81, 191, 167, 141, 207
28, 221, 28, 81, 217, 209, 30
166, 16, 237, 166, 82, 72, 127, 252
166, 160, 202, 173, 166, 129, 76, 116, 261
36, 101, 36, 25, 111, 109, 23, 65, 173, 252
36, 185, 36, 20, 87, 37, 145, 74, 202, 51, 258
54, 243, 54, 248, 195, 217, 145, 99, 238, 55, 22, 252
161, 32, 225, 161, 82, 171, 47, 1, 241, 209, 30, 74, 255
229, 88, 146, 105, 51, 19, 171, 22, 164, 229, 148, 70, 232, 264
230, 152, 35, 49, 89, 209, 68, 51, 28, 141, 195, 224, 230, 99, 264
142, 245, 142, 219, 85, 44, 61, 173, 126, 76, 98, 167, 42, 99, 108, 261
157, 157
76, 195, 76
117, 117, 157, 241
2, 2, 80, 138, 38
83, 204, 83, 1, 240, 87
29, 122, 29, 31, 170, 237, 255
119, 245, 119, 116, 207, 82, 47, 258
29, 29, 123, 127, 137, 173, 139, 128, 258
230, 243, 155, 53, 230, 76, 141, 207, 58, 264
34, 246, 85, 34, 38, 66, 157, 72, 77, 99, 261
231, 231, 154, 180, 43, 22, 171, 228, 207, 118, 82, 264
35, 136, 35, 201, 160, 66, 233, 58, 91, 63, 157, 100, 264
54, 136, 83, 49, 54, 232, 93, 158, 1, 42, 128, 6, 19, 261
166, 247, 57, 123, 75, 82, 118, 201, 233, 191, 23, 224, 157, 166, 252
112, 112, 169, 161, 239, 111, 100, 171, 164, 26, 55, 159, 175, 202, 14, 252
