84,171,141,84,228,48,66,190,30,156,65,103,81,219,127
97,14,108,97,28,38,19,86,119,40,103,149,17,109
94,171,160,94,135,44,30,126,129,81,164,216,113
72,158,170,72,181,44,30,77,173,246,195,150
72,14,139,72,81,173,191,70,134,98,25
87,138,87,148,150,30,137,128,109,22
91,239,91,137,47,81,128,72,202
92,129,92,95,38,170,201,25
228,141,228,30,65,81,127
28,108,28,40,149,109
135,160,135,164,113
181,170,181,150
81,139,81
148,148
71,244,71,75,48,157,229,68,187,42,167,141,76,20,109
26,157,26,72,180,38,115,48,140,98,154,175,74,18
80,109,80,7,229,65,25,213,91,116,156,98,108
62,116,62,99,161,70,37,48,133,158,91,20
76,171,76,38,205,65,19,72,137,6,237
185,51,185,241,145,66,133,128,197,25
66,42,66,244,6,77,116,25,43
91,91,38,23,77,173,75,51
75,75,157,68,42,141,20
72,72,38,48,98,175
7,7,65,213,116
99,99,70,48
38,38,65
241,241
223,154,139,223,86,171,68,207,95,150,30,28,87,132,113
80,242,87,80,86,164,17,70,108,95,82,72,222,7
27,115,149,27,95,159,47,65,167,6,127,22,128
7,134,160,7,248,164,69,65,157,85,114,42
185,171,191,185,221,63,66,64,141,100,28
14,171,14,175,160,118,65,157,70,129
74,164,74,113,217,63,128,157,120
99,129,99,44,171,109,221,134
86,139,86,95,30,87,113
86,87,86,95,72,7
95,149,95,127,128
248,160,248,42
221,191,221
175,175
