124,104,237,76,141,124,22,168,6,48,227,102,113,49,118
29,230,149,83,170,29,23,99,1,218,48,213,142,128
19,10,202,159,175,19,113,93,245,207,51,189,148
140,202,171,103,88,140,237,191,28,69,55,219
188,242,157,44,188,202,98,218,14,51,171
233,91,80,233,118,148,42,63,58,168
134,232,72,134,81,170,20,240,171
133,14,100,133,81,7,195,232
22,237,141,22,227,113,118
23,149,170,23,213,128
113,202,175,113,148
237,171,88,237
202,44,202
118,118
106,19,164,106,6,102,170,220,61,198,109,123,126,232,128
19,218,91,19,238,72,141,46,171,49,5,189,129,37
26,23,141,26,139,195,247,36,58,1,135,133,171
233,209,77,233,248,86,164,28,160,63,126,51
6,75,77,6,5,72,149,69,51,127,202
127,100,72,127,137,173,40,61,164,116
133,95,75,133,81,65,191,240,42
14,109,14,241,48,209,139,164
6,6,170,61,109,126,128
238,238,141,171,5,129
139,139,247,58,135
248,248,164,160
5,5,149
137,137
4,100,116,79,170,4,134,77,7,22,40,168,68,107,137
106,103,160,158,92,106,197,87,70,19,145,63,153,109
134,94,81,104,98,134,116,87,44,18,232,247,113
129,241,94,102,93,129,122,157,44,171,167,169
107,10,168,93,107,177,77,20,69,175,113
14,82,74,14,109,72,47,43,232,146
138,30,173,138,164,227,70,129,139
129,221,31,129,91,65,175,170
134,116,170,134,40,68,137
197,160,92,197,63,109
116,81,98,116,113
122,94,93,122
177,93,177
109,109
