39,38,139,233,118,215,93,144,58,2,207,39,48,168,19
223,50,24,44,89,30,166,191,80,81,223,47,237,14
102,145,12,100,116,157,135,97,42,102,150,118,14
226,229,22,6,158,164,74,68,226,63,139,69
53,47,7,28,45,74,81,53,164,139,23
60,61,22,31,69,100,60,126,139,47
58,108,133,22,238,100,58,148,135
69,175,118,14,141,228,69,10
48,139,118,93,58,207,48
47,44,30,191,81,47
150,116,135,42,150
63,164,68,63
164,81,164
126,126
162,128,202,17,237,103,152,157,58,162,48,123,127,35,19
212,160,109,120,93,197,166,63,212,217,132,157,18,98
168,57,227,206,74,38,207,168,68,194,108,19,12
37,168,118,100,68,38,37,43,225,116,17,148
167,153,22,20,170,44,167,128,117,113,86
167,65,209,77,44,23,167,116,126,201
204,133,1,72,149,44,204,120,87
70,58,7,218,141,70,173,100
48,202,237,152,48,127,19
217,109,93,217,157,98
68,227,68,108,12
43,43,116,148
128,128,113
116,116
230,127,30,28,7,11,201,194,118,82,85,230,42,164,83
224,68,18,98,183,22,159,25,76,81,224,44,118,79
157,160,29,32,28,206,61,100,241,157,48,170,26
174,108,131,19,58,113,31,93,174,241,141,12
70,108,129,218,173,187,170,70,57,139,18
233,108,134,23,141,81,233,61,118,30
157,128,109,31,125,91,157,116,201
48,98,51,18,170,68,48,95
42,30,7,201,118,85,42
44,98,22,25,81,44
48,28,61,241,48
241,113,93,241
57,170,57
61,61
