27,229,174,76,86,6,211,27,22,159,138,103,182,58,137
24,158,148,80,150,6,92,24,218,66,129,76,70,118
11,167,108,48,98,16,160,11,47,22,129,125,66
35,145,55,128,66,98,35,245,160,109,86,18
12,175,232,207,113,12,47,150,173,248,61
37,14,86,70,37,126,30,190,98,63
55,86,31,14,55,94,137,92,238
69,145,100,47,69,109,93,20
22,174,86,211,22,182,137
218,148,150,92,218,118
47,108,98,160,47
245,128,98,245
47,113,47
126,126
84,118,94,228,58,212,22,84,173,123,113,138,77,207,20
6,238,99,43,6,51,166,237,225,108,31,92,14,128
130,239,98,18,130,23,169,148,140,109,134,42,38
28,120,202,47,28,109,23,148,140,139,74,25
17,241,109,164,17,116,157,175,120,205,51
17,65,91,22,17,113,12,145,89,14
206,170,95,160,206,168,128,237,23
22,116,77,22,185,149,100,40
22,94,22,173,113,77,20
51,51,237,108,92,128
23,23,148,109,42
109,109,148,139
116,116,175
113,113
111,143,128,91,139,35,68,111,53,22,102,213,148,34,137
39,202,133,87,126,50,239,39,51,170,145,134,48,30
46,167,116,87,98,33,227,46,61,100,148,86,14
225,191,241,98,53,47,225,202,18,170,134,28
34,61,100,24,228,34,30,148,159,133,195
65,148,97,25,65,221,216,113,72,197
68,239,72,23,68,160,129,92,126
70,217,58,24,70,116,224,137
53,128,139,68,53,148,137
51,133,126,239,51,30
61,116,98,227,61
202,98,47,202
30,228,30
221,221
