84,48,86,19,1,34,168,215,167,84,105,14,102,118,164
196,153,182,218,128,24,164,233,139,196,99,23,195,65
17,51,171,94,37,47,169,118,17,99,139,192,109
27,82,69,153,61,133,160,27,77,86,51,134
14,170,65,18,174,128,14,160,206,47,126
100,221,38,149,127,100,113,25,164,213
207,160,63,240,139,207,93,44,248
66,228,44,18,164,66,83,98
105,86,1,168,167,105,164
99,182,128,164,139,99
99,94,47,118,99
77,61,160,77
160,128,160
113,113
15,159,25,11,98,14,141,15,86,140,118,200,213,68,201
222,173,42,30,168,141,222,86,215,109,102,160,46,113
91,175,28,66,168,91,18,119,116,54,248,139,98
72,202,40,164,139,72,30,129,216,171,44,128
104,170,38,22,137,104,98,18,202,168,55
76,218,20,118,137,76,83,188,60,238
185,28,42,148,44,185,12,141,128
232,160,135,93,232,129,51,237
86,25,98,86,118,213,201
86,42,86,109,160,113
18,18,116,248,98
30,30,216,44
98,98,202
83,83
198,145,95,19,48,142,152,161,170,198,100,108,168,207,98
215,81,44,249,30,156,148,134,116,215,202,241,38,109
72,150,50,137,158,44,102,159,72,65,133,56,119
82,126,28,146,93,140,175,82,98,221,109,61
91,7,48,1,139,149,91,77,160,60,38
84,20,38,6,118,84,81,82,160,57
97,195,38,157,199,97,86,44,202
101,30,68,25,206,101,93,74
100,95,48,152,170,100,98
202,44,30,148,116,202
65,137,44,159,65
98,93,175,98
77,149,77
81,81
