111,186,47,111,7,28,45,74,81,53,164,158,139,64,23
236,48,61,236,22,31,69,100,60,126,158,139,185,47
131,210,108,131,133,22,238,100,58,224,148,229,135
126,57,175,126,118,14,141,228,69,108,86,10
233,38,139,233,118,93,58,207,48,168,19
24,50,24,44,30,191,81,47,237,14
12,145,12,116,135,42,150,118,14
22,229,22,164,68,63,139,69
7,47,7,81,164,139,23
22,61,22,126,139,47
133,108,133,148,135
118,175,118,10
118,139,118
44,44
3,153,3,22,103,20,166,170,215,44,167,128,117,113,86
200,65,200,209,26,77,165,44,36,23,167,116,126,201
17,133,17,1,82,72,217,149,89,44,204,120,87
129,58,129,7,74,218,166,141,46,70,173,100
17,202,17,237,103,152,157,58,48,127,19
120,109,120,93,197,166,63,217,157,98
206,227,206,74,38,207,68,108,12
118,118,100,68,38,43,116,148
22,22,20,170,44,128,113
209,209,77,44,23,116
1,1,72,149,44
7,7,218,141
237,237,152
93,93
5,169,108,5,129,218,173,187,170,70,57,102,139,12,18
212,45,108,212,134,23,141,81,233,61,102,118,104,30
246,158,128,246,109,31,125,91,157,107,116,24,201
138,146,98,138,51,18,170,68,48,133,187,95
28,127,30,28,7,201,118,85,42,164,83
18,68,18,98,22,25,81,44,118,79
29,160,29,28,61,241,48,170,26
131,108,131,113,93,241,141,12
129,108,129,170,57,139,18
134,108,134,61,118,30
109,128,109,116,201
51,98,51,95
7,30,7
98,98
