115,128,27,24,81,16,237,91,218,52,47,166,173,115,108
158,221,66,31,138,18,104,95,53,1,102,168,158,122
97,126,181,1,133,74,109,69,170,100,77,97,118
187,242,18,14,22,125,70,118,100,149,187,213
91,25,240,23,18,126,45,98,44,91,42
129,221,170,77,7,225,171,79,129,128
134,118,160,197,18,81,58,221,134
128,44,30,20,93,68,175,128
108,81,237,218,47,173,108
122,18,95,1,168,122
118,109,170,77,118
213,118,149,213
42,44,42
128,128
114,50,40,102,14,103,20,138,116,209,70,37,168,114,205
222,211,191,166,150,74,10,14,44,209,63,99,222,108
205,232,28,156,12,6,61,133,86,68,189,205,118
138,48,10,167,18,87,129,242,14,168,138,127
229,37,113,156,100,7,99,201,247,229,109
128,68,181,12,201,70,171,145,128,47
134,64,173,50,108,51,61,141,134
116,6,12,14,248,81,145,116
205,40,14,20,116,70,205
108,191,150,10,44,108
118,28,12,61,118
127,10,18,127
109,113,109
47,47
200,48,64,103,30,6,113,187,108,52,38,166,99,200,86
138,1,28,31,12,60,97,42,180,240,76,170,138,87
76,50,24,26,188,109,42,46,69,157,148,76,113
238,38,149,1,188,221,211,47,103,69,238,113
31,57,159,65,23,218,158,102,44,31,51
91,182,164,100,20,229,55,31,91,170
85,44,149,93,42,77,170,99,85
232,113,77,66,134,145,146,232
86,30,113,108,38,99,86
87,60,42,240,170,87
113,42,69,148,113
113,47,69,113
51,44,51
170,170
