176,70,161,68,103,228,17,18,138,118,222,86,176,171,132
226,70,91,100,227,1,164,211,240,83,218,226,68,108
50,18,156,100,66,42,134,171,82,195,50,87,249
177,63,145,99,232,133,30,247,47,177,81,170
37,12,168,91,66,199,89,81,37,195,139
37,63,77,65,157,206,74,37,202,127
40,7,168,137,224,135,100,40,173
87,137,170,141,173,153,182,87
171,68,228,18,118,86,171
68,227,164,240,218,68
87,42,171,195,87
81,30,47,81
195,81,195
202,202
198,2,22,82,14,48,188,173,28,138,95,198,93,124,126
179,35,12,104,98,176,38,6,118,99,179,48,168,128
46,35,17,99,10,69,24,213,197,46,51,164,137
229,26,175,159,68,66,139,95,229,30,132,127
82,38,99,68,244,137,160,82,65,189,20
65,17,141,93,197,126,128,65,135,108
103,31,201,42,12,116,23,103,129
61,12,93,118,20,47,61,145
93,22,14,188,28,93,126
48,12,98,38,48,128
51,17,10,51,137
30,175,30,127
65,65,20
135,135
212,28,156,93,49,48,17,148,136,217,102,175,212,241,134
39,217,87,37,7,168,18,123,85,91,173,39,241,134
84,69,31,218,158,20,107,127,154,81,84,61,240
70,7,182,99,19,232,109,102,149,70,98,139
31,66,173,69,19,123,74,23,31,42,109
48,42,81,126,150,206,87,48,113,213
87,47,77,171,99,180,243,87,51
58,47,216,139,23,108,232,58
241,93,48,148,217,175,241
241,7,18,85,173,241
61,20,127,81,61
98,109,149,98
42,23,42
113,113
