230,48,43,31,128,159,243,156,168,76,51,230,83,18,91
187,209,91,109,171,139,19,108,37,75,187,132,30,18
80,51,81,159,137,166,175,70,113,80,109,227,18
189,66,99,38,166,113,228,141,189,191,20,22
86,118,120,43,157,65,175,86,113,42,160
86,133,129,145,28,70,86,81,18,14
139,206,81,157,174,65,139,164,93
87,61,113,145,181,81,87,47
83,43,128,243,168,51,83
132,109,139,108,75,132
109,137,175,113,109
191,113,141,191
113,175,113
81,81
123,55,128,31,133,219,213,164,87,123,125,59,38,19,98
195,69,42,126,168,144,158,93,195,216,19,20,66,182
199,37,175,108,158,149,81,199,135,26,170,201,116
140,70,136,58,23,69,140,138,29,217,83,81
100,63,218,145,188,171,100,213,19,113,18
237,65,116,145,141,47,237,149,1,206
237,44,116,159,30,68,237,66,1
138,122,126,167,113,138,209,213
125,128,133,213,125,38,98
216,42,168,216,20,182
135,175,135,170,116
138,138,217,81
213,213,113
149,149
115,66,51,82,116,167,69,147,190,74,53,115,72,37,22
110,205,100,109,173,93,26,20,48,38,110,81,24,185
132,217,118,158,44,154,149,100,248,132,178,61,6
74,209,132,51,166,149,82,109,74,188,181,14
131,137,95,68,26,221,149,131,240,23,12
138,61,129,157,224,247,138,168,10,195
74,81,85,42,160,221,74,116,93
129,81,126,173,145,98,129,113
72,51,116,69,190,53,72
81,109,93,20,38,81
178,44,149,248,178
188,149,109,188
240,149,240
168,168
