15,98,65,137,171,160,125,20,26,126,187,238,15,181,197
54,81,51,68,164,23,141,91,237,114,113,54,42,239
22,218,173,69,138,141,31,94,107,72,22,23,238
145,199,170,42,109,81,30,108,160,145,181,137
115,81,61,51,126,138,132,95,115,164,30
171,30,109,47,139,86,72,171,113,122
37,85,249,1,14,134,74,37,170
217,227,170,42,113,98,228,217
181,137,160,20,126,238,181
42,164,141,237,113,42
23,141,94,72,23
181,30,160,181
164,95,164
113,113
34,78,108,102,58,17,38,120,69,103,86,34,168,117,209
26,59,63,189,47,50,77,6,191,128,26,167,242,30
143,58,141,180,157,20,108,139,95,143,158,66,30
19,190,170,249,70,128,127,65,19,145,22,20
159,190,180,58,109,98,75,159,168,1,116
24,82,158,58,150,81,68,24,61,12
102,46,167,12,241,217,38,102,66
167,227,145,30,150,164,167,118
168,108,58,38,69,168,209
167,63,47,77,167,30
158,141,157,158,30
145,170,145,20
168,168,116
61,61
102,82,158,148,37,240,6,30,225,127,200,99,102,243,239
102,85,166,63,95,1,77,131,109,89,86,102,145,157
144,77,145,66,12,227,228,127,86,81,144,51,25
158,66,145,28,12,78,61,140,227,158,69,141
6,141,247,22,188,99,83,128,6,182,139
168,87,240,42,129,86,76,168,175,108
153,149,164,58,160,201,118,153,148
170,116,160,42,10,109,98,170
243,148,240,30,127,99,243
145,95,77,109,86,145
51,227,127,81,51
69,61,227,69
182,128,182
175,175
