27,145,65,31,98,103,64,34,157,27,139,122,86,134,61
125,65,61,173,148,91,63,167,150,125,118,23,7,239
6,171,242,44,87,69,159,30,6,237,10,99,118
201,58,145,232,61,168,75,201,20,23,99,118
18,232,72,46,167,69,18,248,202,95,129
126,51,209,58,102,126,42,30,93,239
113,68,168,74,181,113,47,173,248
14,38,164,79,168,14,63,23
139,65,98,64,157,139,61
118,61,148,63,150,118
237,44,69,30,237
20,61,75,20
248,69,248
42,42
12,174,61,82,175,50,145,12,55,108,150,104,68,191,51
186,171,93,173,63,23,186,7,236,109,83,85,139,69
34,37,141,70,181,34,139,218,160,92,77,14,44
196,48,159,100,66,196,18,133,63,211,148,134
140,37,168,170,20,140,118,120,137,125,197
6,207,98,183,185,6,44,135,221,206
129,60,164,38,42,129,1,98,189
228,63,45,42,228,72,98,170
55,61,175,55,150,68,51
7,93,7,109,85,69
139,139,160,77,44
18,18,63,148
118,118,137
44,44
235,171,137,173,149,80,47,102,170,235,189,201,128,131,30
119,57,109,78,69,54,68,168,209,119,108,201,100,133
18,134,86,42,56,45,154,149,18,70,48,98,197
118,146,167,50,160,144,149,118,63,55,93,88
228,127,79,31,102,93,228,42,85,87,63
118,68,85,65,102,118,175,30,137,191
219,68,239,63,22,219,148,23,191
166,68,164,171,157,166,47,40
189,137,149,47,170,189,30
108,109,69,68,209,108
70,42,45,149,70
63,160,149,63
42,93,42
175,175
