13,158,209,166,69,13,246,82,89,138,30,66,197,55,248
188,140,99,180,160,188,139,103,158,1,226,30,55,75
132,166,148,154,63,132,232,91,80,28,38,233,30
230,139,113,167,51,230,22,99,82,14,63,119
12,228,158,47,12,160,113,98,127,57,218
28,126,173,28,44,42,221,127,1,38
1,109,153,1,113,160,128,237,217
20,149,58,20,170,99,83,116
246,209,69,246,30,197,248
139,99,160,139,30,75
232,148,63,232,30
22,113,51,22
160,47,160
44,44
179,129,38,179,239,115,74,71,100,26,160,48,148,138,175
130,141,164,130,22,103,86,138,177,24,135,63,20,58
3,159,228,3,31,187,100,102,87,131,81,70,63
26,127,149,26,83,31,87,243,164,27,14,228
134,173,202,134,87,76,175,247,66,12,239
6,87,47,6,10,219,157,22,69,139
246,127,191,246,86,170,197,69,51
33,95,33,108,243,157,93,149
239,239,74,100,160,148,175
22,22,86,177,135,20
31,31,100,87,81
83,83,87,164
87,87,175
10,10
111,141,150,208,68,111,58,94,87,48,149,17,51,219,65
132,189,127,205,160,132,1,95,100,14,17,30,38,42
188,108,95,146,149,188,113,82,86,28,17,51,175
26,238,93,215,173,26,116,108,86,23,1,63
14,128,168,175,14,164,127,77,5,48,36
139,113,37,139,30,182,72,137,23,239
133,118,224,133,43,58,1,48,207
118,109,69,118,141,20,10,47
58,150,68,58,149,51,65
1,127,160,1,30,42
113,95,149,113,175
116,93,173,116
164,175,164
30,30
