3,98,82,126,44,16,18,103,1,45,70,162,149,3,22
111,81,109,48,35,137,183,95,54,237,167,149,111,14
17,63,98,171,139,28,175,64,42,145,150,17,10
19,175,243,69,213,22,171,30,76,10,19,181
17,51,157,205,206,99,55,166,65,17,201
6,109,98,239,7,66,58,168,6,1
14,10,148,149,128,87,51,89,14
14,148,175,195,209,37,141,14
22,44,18,1,70,149,22
14,137,95,237,149,14
10,175,42,150,10
181,30,10,181
201,65,201
1,1
111,165,224,106,72,162,149,140,100,11,61,48,166,111,14
117,78,95,138,93,173,38,14,47,7,53,241,117,202
140,74,164,133,192,49,44,24,28,98,141,140,1
138,104,213,31,164,155,7,72,37,141,138,20
19,219,20,125,58,14,66,93,175,19,118
238,74,182,170,30,177,68,69,238,42
66,221,139,164,25,95,42,116,66
23,170,109,47,20,248,116,23
14,224,72,149,100,61,14
202,95,93,38,47,202
1,164,192,44,1
20,213,164,20
118,20,118
42,42
121,221,133,158,30,106,127,74,66,230,38,155,77,121,33
24,137,82,45,129,68,103,48,64,70,210,160,24,66
117,213,99,160,229,6,116,55,137,224,227,117,118
138,141,93,146,20,66,207,57,102,157,138,30
230,141,85,190,138,86,69,167,149,230,113
119,98,108,69,135,82,217,31,119,66
211,30,137,109,127,93,58,166,211
139,44,68,30,1,58,63,139
33,30,127,66,38,77,33
66,68,48,70,160,66
118,116,137,227,118
30,57,157,30
113,149,113
66,66
