29,48,61,236,22,29,31,69,100,60,126,158,139,185,47
103,210,108,131,133,103,22,238,100,58,224,148,229,135
31,57,175,126,118,31,14,141,228,69,108,86,10
215,38,139,233,118,215,93,58,207,48,168,19
89,50,24,44,89,30,191,81,47,237,14
100,145,12,100,116,135,42,150,118,14
6,229,22,6,164,68,63,139,69
28,47,7,28,81,164,139,23
31,61,22,31,126,139,47
22,108,133,22,148,135
14,175,118,14,10
93,139,118,93
30,44,30
116,116
97,168,118,97,100,102,68,130,38,37,43,225,116,17,148
103,153,22,103,20,166,170,215,44,167,128,117,113,86
26,65,209,26,77,165,44,36,23,167,116,126,201
82,133,1,82,72,217,149,89,44,204,120,87
74,58,7,74,218,166,141,46,70,173,100
103,202,237,103,152,157,58,48,127,19
197,109,93,197,166,63,217,157,98
74,227,74,38,207,68,108,12
100,100,68,38,43,116,148
20,20,170,44,128,113
77,77,44,23,116
72,72,149,44
218,218,141
152,152
32,45,108,212,134,32,23,141,81,233,61,102,118,104,30
29,158,128,246,109,29,31,125,91,157,107,116,24,201
103,146,98,138,51,103,18,170,68,48,133,187,95
11,127,30,28,7,11,201,118,85,42,164,83
183,68,18,98,183,22,25,81,44,118,79
32,160,29,32,28,61,241,48,170,26
19,108,131,19,113,93,241,141,12
218,108,129,218,170,57,139,18
23,108,134,23,61,118,30
31,128,109,31,116,201
18,98,51,18,95
201,30,7,201
22,98,22
28,28
