111,48,202,59,69,111,86,12,33,144,145,24,209,106,173
76,54,51,46,217,76,99,133,48,155,1,7,159,141
80,82,201,76,47,80,191,133,22,156,12,166,141
187,63,148,53,164,187,81,25,209,160,201,128
76,232,177,240,76,77,116,104,173,48,159
82,38,48,82,95,99,227,149,42,126
91,61,100,91,44,65,72,1,167
98,85,69,98,42,149,22,108
86,202,69,86,145,209,173
99,51,217,99,7,141
191,201,47,191,141
81,148,164,81
77,240,77
95,95
198,103,177,198,91,6,127,54,63,78,72,58,99,145,137
138,190,89,138,82,21,133,197,22,102,75,69,137,166
107,77,51,107,6,2,20,29,47,159,30,24,133
230,221,57,230,30,133,10,69,160,91,20,195
76,197,81,76,20,12,149,66,72,65,109
72,42,141,72,7,17,6,226,68,139
126,148,152,126,23,65,241,81,175
108,181,108,7,20,141,47,109
91,91,127,63,72,99,137
82,82,133,22,75,137
6,6,20,47,30
30,30,10,160
20,20,149
7,7
84,48,185,50,241,84,91,129,7,155,139,230,159,158,166
74,213,109,46,202,74,128,5,63,100,12,44,159,25
125,202,145,58,93,125,128,195,1,85,12,154,164
82,61,113,100,51,82,108,131,43,95,28,155
74,102,31,51,74,227,139,201,141,28,126
31,48,87,31,93,164,238,224,27,102
86,202,241,86,150,23,99,14,160
191,58,50,191,20,93,65,109
91,185,241,91,139,159,166
128,109,202,128,44,25
128,145,93,128,164
108,113,51,108
227,51,227
93,93
