154,244,38,103,164,76,79,154,168,14,24,97,63,108,23
34,145,65,31,98,103,64,34,157,139,122,86,134,61
167,65,61,173,148,91,63,167,150,118,23,7,239
159,171,242,44,87,69,159,30,237,10,99,118
168,58,145,232,61,168,75,20,23,99,118
167,232,72,46,167,69,248,202,95,129
102,51,209,58,102,42,30,93,239
181,68,168,74,181,47,173,248
168,38,164,79,168,63,23
157,65,98,64,157,61
150,61,148,63,150
30,44,69,30
75,61,75
69,69
111,171,93,173,63,111,23,186,7,236,109,83,85,139,69
158,37,141,70,158,181,34,139,218,160,92,77,14,44
26,48,159,100,26,66,196,18,133,63,211,148,134
12,37,168,170,12,20,140,118,120,137,125,197
19,207,98,183,19,185,6,44,135,221,206
12,60,164,38,12,42,129,1,98,189
164,63,45,42,164,228,72,98,170
145,61,175,145,55,150,68,51
23,93,23,7,109,85,69
181,181,139,160,77,44
66,66,18,63,148
20,20,118,137
185,185,44
42,42
73,140,68,169,164,76,171,73,157,166,224,185,47,12,40
102,171,137,173,149,80,47,102,170,189,201,128,131,30
168,57,109,78,69,54,68,168,209,108,201,100,133
154,134,86,42,56,45,154,149,70,48,98,197
144,146,167,50,160,144,149,63,55,93,88
102,127,79,31,102,93,42,85,87,63
102,68,85,65,102,175,30,137,191
22,68,239,63,22,148,23,191
157,68,164,171,157,47,40
170,137,149,47,170,30
209,109,69,68,209
149,42,45,149
149,160,149
93,93
