96,100,61,166,113,180,145,29,181,96,81,87,28,91,47
76,48,43,31,128,159,243,156,168,76,51,83,18,91
37,209,91,109,171,139,19,108,37,75,132,30,18
70,51,81,159,137,166,175,70,113,109,227,18
228,66,99,38,166,113,228,141,191,20,22
65,118,120,43,157,65,175,113,42,160
70,133,129,145,28,70,81,18,14
65,206,81,157,174,65,164,93
81,61,113,145,181,81,47
51,43,128,243,168,51
75,109,139,108,75
113,137,175,113
141,113,141
175,175
64,69,42,126,168,144,158,64,93,195,216,19,20,66,182
49,37,175,108,158,149,49,81,199,135,26,170,201,116
103,70,136,58,23,103,69,140,138,29,217,83,81
55,63,218,145,188,55,171,100,213,19,113,18
103,65,116,145,141,103,47,237,149,1,206
45,44,116,159,30,45,68,237,66,1
70,122,126,167,113,70,138,209,213
87,128,133,213,87,125,38,98
93,42,168,93,216,20,182
81,175,81,135,170,116
69,69,138,217,81
171,171,213,113
47,47,149
68,68
89,58,81,31,126,144,173,26,145,89,98,129,243,185,113
74,66,51,82,116,167,69,147,190,74,53,72,37,22
48,205,100,109,173,93,26,20,48,38,81,24,185
100,217,118,158,44,154,149,100,248,178,61,6
82,209,132,51,166,149,82,109,188,181,14
221,137,95,68,26,221,149,240,23,12
247,61,129,157,224,247,168,10,195
221,81,85,42,160,221,116,93
98,81,126,173,145,98,113
53,51,116,69,190,53
38,109,93,20,38
248,44,149,248
109,149,109
149,149
