214,168,77,155,91,158,127,187,108,214,18,195,65,131,93
140,24,94,157,148,230,91,123,66,140,17,57,103,195
19,228,70,93,168,221,167,175,19,245,109,38,135
26,141,173,19,164,27,170,26,82,149,63,139
102,72,202,23,166,227,102,20,44,77,128
26,168,145,6,102,26,1,118,63,139
12,238,240,133,134,12,141,93,127
133,87,65,1,168,133,61,20
18,77,91,127,108,18,93
17,94,148,91,66,17
245,93,221,175,245
82,164,170,82
20,227,20
1,1
231,169,95,87,227,22,241,231,23,190,118,48,65,158,148
80,6,48,76,7,164,80,228,62,37,64,58,173,127
31,201,100,66,170,31,202,108,47,187,113,199,10
185,1,98,237,240,185,93,120,126,68,128,133
87,20,164,23,213,87,25,48,95,241,146
87,18,63,77,149,87,192,207,138,160
185,91,82,22,42,185,120,68,116
91,72,95,18,91,63,58,160
23,95,227,23,118,65,148
228,48,228,37,58,127
202,202,47,113,10
93,93,126,128
25,25,95
192,192
111,145,149,167,228,144,22,115,246,111,103,61,209,120,175
124,171,42,229,93,12,99,169,177,124,22,43,61,127
19,81,92,75,66,77,108,181,19,18,201,127,128
84,91,76,12,14,173,170,84,31,47,65,139
105,191,86,28,26,113,105,23,213,65,149
16,170,31,1,134,16,95,87,188,241
23,77,81,55,159,23,148,116,109
82,175,72,17,191,82,75,128
103,149,228,22,246,103,175
22,42,93,99,177,22
18,75,77,181,18
31,14,170,31
23,113,23
95,95
