80,29,95,144,197,80,149,134,1,138,175,17,126,121,48
142,82,248,159,7,142,77,139,100,126,1,149,45,69
103,76,116,159,30,103,58,224,177,132,204,145,61
72,191,128,239,213,72,148,129,217,125,218,38
31,14,187,108,31,164,139,177,134,7,70
167,7,173,167,175,109,206,195,247,48
170,98,32,170,116,109,126,138,68
168,99,240,168,139,69,22,68
149,95,197,149,175,126,48
77,248,7,77,149,69
58,116,30,58,61
148,128,213,148
164,108,164
175,175
71,103,6,71,82,233,133,105,81,178,127,24,75,48,149
212,74,170,212,82,189,118,103,20,114,109,233,30,58
103,31,141,103,38,117,68,233,30,19,45,108,70
103,213,182,103,47,107,139,26,128,133,28,149
100,229,28,100,175,125,42,19,205,133,176
225,201,47,225,42,141,77,126,23,57
31,99,137,31,128,245,25,7,48
86,164,86,139,239,108,10,240
82,82,133,81,127,75,149
82,82,118,20,109,30
38,38,68,30,45
47,47,139,128
175,175,42
42,42
111,185,40,9,197,111,77,148,87,14,175,26,65,46,70
89,82,68,1,65,89,221,170,245,190,14,137,70,118
239,28,61,6,25,239,98,137,18,108,246,50,116
168,22,171,28,30,168,43,137,93,38,199,70
228,86,18,109,228,61,149,63,128,25,48
81,20,170,81,42,160,30,65,109,70
95,217,50,95,44,42,69,116,171
157,20,160,157,164,40,139,51
77,40,197,77,175,65,70
221,68,65,221,137,118
98,61,25,98,116
43,171,30,43
61,109,61
42,42
