111,185,1,111,127,18,55,170,20,99,137,208,42,215,177
76,233,30,76,139,20,49,170,86,25,174,217,103,38
103,166,63,103,98,7,68,150,128,48,61,46,38
74,6,61,74,137,7,12,149,118,224,85,47
74,146,148,74,108,17,24,149,99,138,68
140,31,140,160,1,58,170,86,55,53
129,18,129,149,14,160,128,81,51
99,108,99,137,20,113,149,68
127,1,127,20,137,42,177
139,30,139,25,217,38
98,63,98,61,38
137,61,137,47
108,148,108
160,160
223,229,223,86,13,14,212,141,104,81,133,128,37,149,207
230,171,230,72,6,1,58,43,103,60,132,128,157,87
74,23,74,126,158,160,53,99,92,137,129,190,61
125,157,125,108,6,126,205,137,141,238,249,61
209,30,209,137,170,44,50,217,128,57,47
82,47,82,116,157,6,7,109,190,69
86,170,86,14,58,183,108,240,98
118,118,23,68,77,109,57,149
86,86,14,141,81,128,149
72,72,1,43,60,128
126,126,160,99,137
108,108,126,137
137,137,44
116,116
90,218,170,90,129,33,22,91,42,225,77,123,63,58,51
129,167,160,129,135,66,17,98,86,42,150,237,63,43
115,181,7,115,113,1,58,75,139,38,164,100,170
71,171,28,71,126,22,38,91,103,52,104,175
98,181,160,98,248,240,28,168,118,180,63
103,173,103,127,30,47,1,81,175,177
129,14,129,98,7,160,218,141,53
118,201,118,30,175,116,237,51
129,170,129,42,77,63,51
135,160,135,42,237,43
113,7,113,164,170
126,28,126,175
248,160,248
127,127
