84,28,137,74,170,37,141,12,173,126,153,84,182,87,211
222,70,161,68,103,228,17,18,138,118,222,86,171,132
83,70,91,100,227,1,164,211,240,83,218,68,108
82,18,156,100,66,42,134,171,82,195,87,249
247,63,145,99,232,133,30,247,47,81,170
89,12,168,91,66,199,89,81,195,139
74,63,77,65,157,206,74,202,127
100,7,168,137,224,135,100,173
182,137,170,141,173,153,182
86,68,228,18,118,86
218,227,164,240,218
195,42,171,195
47,30,47
81,81
76,35,12,104,98,176,38,6,118,76,99,179,48,168,128
158,35,17,99,10,69,24,213,158,197,46,51,164,137
142,26,175,159,68,66,139,142,95,229,30,132,127
89,38,99,68,244,137,89,160,82,65,189,20
173,17,141,93,197,126,173,128,65,135,108
158,31,201,42,12,116,158,23,103,129
168,12,93,118,20,47,168,61,145
95,22,14,188,28,95,93,126
99,12,98,38,99,48,128
197,17,10,197,51,137
95,175,95,30,127
160,160,65,20
128,128,135
23,23
71,37,47,103,216,187,139,17,23,117,108,71,232,58,173
102,28,156,93,49,48,17,148,136,217,102,175,241,134
91,217,87,37,7,168,18,123,85,91,173,241,134
154,69,31,218,158,20,107,127,154,81,61,240
102,7,182,99,19,232,109,102,149,98,139
74,66,173,69,19,123,74,23,42,109
87,42,81,126,150,206,87,113,213
243,47,77,171,99,180,243,51
232,47,216,139,23,108,232
175,93,48,148,217,175
173,7,18,85,173
81,20,127,81
149,109,149
23,23
