29,171,242,44,87,69,159,30,6,237,32,10,29,99,118
231,58,145,232,61,168,75,201,20,33,23,231,99,118
140,232,72,46,167,69,18,248,22,202,140,95,129
231,51,209,58,102,126,42,24,30,231,93,239
76,68,168,74,181,113,18,47,76,173,248
97,38,164,79,168,14,24,97,63,23
86,65,98,64,157,139,122,86,61
7,61,148,63,150,118,23,7
99,44,69,30,237,10,99
99,61,75,20,23,99
95,69,248,202,95
93,42,30,93
173,47,173
63,63
140,229,60,145,164,46,38,12,42,129,1,140,98,2,189
101,169,63,154,45,31,42,164,228,72,101,98,108,170
104,174,61,82,175,50,145,55,150,104,68,191,51
83,171,93,173,63,23,7,109,83,85,139,69
92,37,141,70,181,139,160,92,77,14,44
211,48,159,100,66,18,63,211,148,134
125,37,168,170,20,118,137,125,197
221,207,98,183,185,44,221,206
98,60,164,38,42,98,189
98,63,45,42,98,170
68,61,175,68,51
85,93,85,69
77,77,44
148,148
187,134,86,42,56,45,154,149,18,70,24,48,187,98,197
99,146,167,50,160,144,149,118,63,1,55,99,93,88
82,127,79,31,102,93,228,42,245,85,82,87,63
82,68,85,65,102,118,175,134,30,82,137,191
82,68,239,63,22,219,133,148,82,23,191
185,68,164,171,157,166,224,185,47,40
128,137,149,47,170,189,201,128,30
100,109,69,68,209,108,201,100
98,42,45,149,70,48,98
93,160,149,63,55,93
87,93,42,85,87
137,175,30,137
23,148,23
47,47
