236,50,30,48,109,34,47,236,139,86,72,171,113,207,122
35,48,85,166,249,27,1,35,14,134,74,37,24,170
26,220,227,224,170,37,42,26,113,98,228,217,188
125,98,65,137,171,160,125,20,126,238,181,197
23,81,51,68,164,23,141,237,113,42,239
138,218,173,69,138,141,94,72,23,238
109,199,170,42,109,30,160,181,137
126,81,61,51,126,95,164,30
139,30,109,47,139,113,122
14,85,249,1,14,170
113,227,170,42,113
20,137,160,20
141,164,141
141,141
2,190,170,249,70,2,128,187,127,87,65,19,145,22,20
66,190,180,58,66,109,86,98,218,75,159,168,1,116
26,82,158,58,26,150,140,81,92,68,24,61,12
233,46,167,12,233,241,138,217,119,38,102,66
139,227,145,30,139,150,99,164,128,167,118
120,108,58,38,120,69,103,86,168,209
6,63,47,77,6,191,128,167,30
108,141,157,108,139,95,158,30
128,170,128,127,65,145,20
109,109,98,75,168,116
150,150,81,68,61
241,241,217,38
150,150,164
69,69
117,52,87,161,240,11,42,117,129,86,76,168,175,14,108
147,74,149,50,164,36,58,147,160,201,118,153,1,148
134,31,116,158,160,14,42,134,10,109,98,170,25
6,82,158,148,37,240,6,30,127,99,243,239
1,85,166,63,95,1,77,109,86,145,157
12,77,145,66,12,227,127,81,51,25
12,66,145,28,12,61,227,69,141
188,141,247,22,188,128,182,139
129,87,240,42,129,175,108
160,149,164,58,160,148
10,116,160,42,10
30,148,240,30
77,95,77
227,227
