53,210,108,131,133,103,22,53,238,100,58,224,148,229,135
142,57,175,126,118,31,14,142,141,228,69,108,86,10
144,38,139,233,118,215,93,144,58,207,48,168,19
166,50,24,44,89,30,166,191,81,47,237,14
157,145,12,100,116,157,135,42,150,118,14
158,229,22,6,158,164,68,63,139,69
45,47,7,28,45,81,164,139,23
69,61,22,31,69,126,139,47
238,108,133,22,238,148,135
141,175,118,14,141,10
58,139,118,93,58
191,44,30,191
135,116,135
164,164
166,57,227,206,74,166,38,103,207,168,68,194,108,19,12
102,168,118,100,102,68,130,38,37,43,225,116,17,148
166,153,22,20,166,170,215,44,167,128,117,113,86
165,65,209,77,165,44,36,23,167,116,126,201
217,133,1,72,217,149,89,44,204,120,87
166,58,7,218,166,141,46,70,173,100
157,202,237,152,157,58,48,127,19
166,109,93,166,63,217,157,98
38,227,38,207,68,108,12
68,68,38,43,116,148
170,170,44,128,113
44,44,23,116
149,149,44
141,141
37,158,128,246,109,29,31,37,125,91,157,107,116,24,201
174,146,98,138,51,103,18,174,170,68,48,133,187,95
194,127,30,28,7,11,201,194,118,85,42,164,83
159,68,18,98,183,22,159,25,81,44,118,79
206,160,29,32,28,206,61,241,48,170,26
58,108,131,19,58,113,93,241,141,12
173,108,129,218,173,170,57,139,18
141,108,134,23,141,61,118,30
125,128,109,31,125,116,201
170,98,51,18,170,95
118,30,7,201,118
25,98,22,25
61,28,61
113,113
