234,166,87,189,65,106,1,234,168,133,217,48,61,115,20
187,168,77,155,91,158,127,187,108,18,195,65,131,93
123,24,94,157,148,230,91,123,66,17,57,103,195
167,228,70,93,168,221,167,175,245,109,38,135
27,141,173,19,164,27,170,82,149,63,139
166,72,202,23,166,227,20,44,77,128
102,168,145,6,102,1,118,63,139
134,238,240,133,134,141,93,127
168,87,65,1,168,61,20
108,77,91,127,108,93
66,94,148,91,66
175,93,221,175
170,164,170
227,227
2,6,48,76,7,2,164,80,228,62,37,64,58,173,127
131,201,100,66,131,170,31,202,108,47,187,113,199,10
168,1,98,237,168,240,185,93,120,126,68,128,133
129,20,164,23,129,213,87,25,48,95,241,146
107,18,63,77,107,149,87,192,207,138,160
133,91,82,22,133,42,185,120,68,116
134,72,95,18,134,91,63,58,160
241,95,227,241,23,118,65,148
164,48,164,228,37,58,127
170,170,202,47,113,10
240,240,93,126,128
213,213,25,95
149,149,192
42,42
166,171,175,84,72,29,17,166,191,82,131,37,75,159,128
115,145,149,167,228,144,22,115,246,103,61,209,120,175
169,171,42,229,93,12,99,169,177,22,43,61,127
108,81,92,75,66,77,108,181,18,201,127,128
173,91,76,12,14,173,170,31,47,65,139
26,191,86,28,26,113,23,213,65,149
134,170,31,1,134,95,87,188,241
159,77,81,55,159,148,116,109
191,175,72,17,191,75,128
246,149,228,22,246,175
177,42,93,99,177
181,75,77,181
170,14,170
113,113
