200,202,118,12,160,32,197,16,18,187,81,200,58,221,134
36,55,23,44,87,30,64,20,119,93,36,68,175,128
52,128,27,24,81,16,237,91,218,52,47,173,108
53,221,66,31,138,18,104,95,53,1,168,122
69,126,181,1,133,74,109,69,170,77,118
70,242,18,14,22,125,70,118,149,213
45,25,240,23,18,126,45,44,42
171,221,170,77,7,225,171,128
58,118,160,197,18,81,58
68,44,30,20,93,68
47,81,237,218,47
1,18,95,1
170,109,170
118,118
247,232,28,156,12,6,61,133,86,247,68,159,189,205,118
13,48,10,167,18,87,129,242,13,14,151,168,138,127
53,37,113,156,100,7,99,53,201,158,247,229,109
46,68,181,12,201,70,46,171,72,145,128,47
39,64,173,50,108,51,39,61,100,141,134
48,6,12,14,248,81,48,145,153,116
37,40,14,20,116,70,37,168,205
63,191,150,10,44,63,99,108
68,28,12,61,68,189,118
14,10,18,14,168,127
201,113,201,247,109
171,171,145,47
61,61,141
145,145
111,17,44,166,149,105,93,106,42,101,77,111,170,99,85
230,52,158,113,185,77,19,66,211,134,230,145,146,232
52,48,64,103,30,6,113,187,108,52,38,99,86
180,1,28,31,12,60,97,42,180,240,170,87
46,50,24,26,188,109,42,46,69,148,113
211,38,149,1,188,221,211,47,69,113
158,57,159,65,23,218,158,44,51
55,182,164,100,20,229,55,170
170,44,149,93,42,77,170
145,113,77,66,134,145
38,30,113,108,38
240,60,42,240
69,42,69
47,47
