111,146,148,74,108,27,17,142,24,151,149,111,99,138,68
101,31,140,160,6,1,50,58,105,170,101,86,55,53
225,18,129,201,149,26,14,156,160,225,128,81,51
85,108,99,197,48,137,156,20,85,113,149,68
99,1,127,18,55,170,20,99,137,42,177
86,30,139,20,49,170,86,25,217,38
128,63,98,7,68,150,128,61,38
118,61,137,7,12,149,118,47
99,148,108,17,24,149,99
86,160,1,58,170,86
128,149,14,160,128
113,137,20,113
137,20,137
25,25
76,24,30,209,137,170,44,50,217,76,128,62,57,49,47
198,159,47,82,116,157,6,7,198,109,158,190,176,69
82,171,170,86,14,58,183,82,108,159,240,177,98
232,174,118,23,68,77,232,109,55,57,177,149
133,229,86,14,141,81,133,128,37,149,207
132,171,72,1,43,60,132,128,157,87
129,23,126,160,99,137,129,190,61
238,157,108,126,137,238,249,61
128,30,137,44,128,57,47
109,47,116,109,190,69
108,170,108,240,98
109,109,57,149
128,128,149
128,128
138,181,160,98,248,24,240,26,28,210,168,138,118,180,63
196,173,103,127,158,30,26,47,83,1,196,81,175,177
76,14,129,66,98,36,7,103,160,76,218,141,53
129,201,118,5,176,30,160,175,129,116,237,51
225,170,129,33,22,91,42,225,77,63,51
86,160,135,66,17,98,86,42,237,43
139,7,113,1,58,75,139,164,170
103,28,126,22,38,91,103,175
118,160,248,240,28,168,118
81,127,30,47,1,81
218,98,7,160,218
116,30,175,116
77,42,77
42,42
