8,155,160,140,63,8,240,139,207,18,93,180,44,55,248
172,188,228,176,44,172,18,164,66,6,12,83,207,98
34,48,86,19,1,34,168,167,105,14,102,118,164
24,153,182,218,128,24,164,139,99,23,195,65
37,51,171,94,37,47,118,99,139,192,109
153,82,69,153,61,160,77,86,51,134
18,170,65,18,128,160,206,47,126
149,221,38,149,113,25,164,213
240,160,63,240,93,44,248
18,228,44,18,83,98
168,86,1,168,164
164,182,128,164
47,94,47
61,61
220,175,28,220,66,138,168,91,18,119,116,54,248,139,98
12,202,40,12,164,120,139,72,30,129,216,171,44,128
167,170,38,167,22,115,137,104,98,18,202,168,55
102,218,20,102,118,167,137,76,83,188,60,238
102,28,42,102,148,168,44,185,12,141,128
6,160,135,6,93,133,232,129,51,237
14,25,98,14,141,86,118,213,201
168,42,168,141,86,109,160,113
66,66,168,18,116,248,98
164,164,139,30,216,44
22,22,137,98,202
118,118,137,83
148,148,44
93,93
161,230,195,176,38,161,157,199,97,12,86,166,44,118,202
159,175,30,16,68,159,25,206,101,66,134,93,126,74
142,145,95,19,48,142,152,170,100,108,168,207,98
156,81,44,249,30,156,148,116,202,241,38,109
158,150,50,137,158,44,159,65,133,56,119
146,126,28,146,93,175,98,221,109,61
1,7,48,1,149,77,160,60,38
6,20,38,6,81,82,160,57
157,195,38,157,86,44,202
25,30,68,25,93,74
152,95,48,152,98
148,44,30,148
44,137,44
93,93
