140,158,170,72,181,6,44,176,30,140,77,173,246,195,150
103,14,139,72,81,226,173,11,191,103,70,134,98,25
103,138,87,148,69,150,54,30,103,137,128,109,22
119,239,91,171,137,6,47,119,81,128,72,202
31,129,92,45,37,95,31,38,170,201,25
190,141,228,48,66,190,30,65,81,127
86,108,28,38,19,86,40,149,109
126,160,135,44,30,126,164,113
77,170,181,44,30,77,150
70,139,81,173,191,70
137,148,150,30,137
81,137,47,81
38,95,38
30,30
100,146,51,185,241,145,66,100,133,173,128,21,197,24,25
123,141,42,66,244,6,123,77,133,116,31,25,22,43
106,168,91,38,23,106,77,166,173,31,75,134,51
187,244,75,157,68,187,42,167,141,76,20,109
140,157,72,38,48,140,98,154,175,74,18
91,109,7,65,213,91,116,156,98,108
133,116,99,70,48,133,158,91,20
72,171,38,65,72,137,6,237
133,51,241,133,128,197,25
77,42,77,116,25,43
77,77,173,75,51
42,42,141,20
98,98,175
116,116
207,134,160,7,248,102,164,64,69,207,65,157,85,114,42
76,171,191,185,221,169,63,15,66,76,64,141,100,28
41,171,14,175,49,160,54,118,41,65,157,70,129
54,164,74,159,113,24,217,54,63,128,157,120
49,129,99,167,58,44,49,171,109,221,134
207,139,86,171,68,207,95,30,87,113
70,87,86,164,17,70,95,72,7
65,149,95,159,47,65,127,128
65,160,248,164,69,65,42
64,191,221,63,66,64
65,175,160,118,65
63,113,217,63
171,44,171
95,95
