80,166,51,80,209,58,102,126,42,24,30,231,93,225,239
154,166,68,154,168,74,181,113,18,47,76,173,138,248
103,244,38,103,164,79,168,14,24,97,63,108,23
31,145,65,31,98,64,157,139,122,86,134,61
173,65,61,173,148,63,150,118,23,7,239
242,171,242,44,69,30,237,10,99,118
145,58,145,61,75,20,23,99,118
72,232,72,69,248,202,95,129
209,51,209,42,30,93,239
168,68,168,47,173,248
164,38,164,63,23
98,65,98,61
148,61,148
44,44
212,48,212,159,208,100,26,66,196,18,133,63,211,148,134
198,37,198,168,76,170,12,20,140,118,120,137,125,197
167,207,167,98,70,183,19,185,6,44,135,221,206
145,60,145,164,46,38,12,42,129,1,98,189
154,63,154,45,31,42,164,228,72,98,170
82,61,82,175,50,145,55,150,68,51
173,93,173,63,23,7,109,85,69
141,141,70,181,139,160,77,44
159,159,100,66,18,63,148
168,168,170,20,118,137
98,98,183,185,44
164,164,38,42
45,45,42
175,175
203,189,68,203,85,65,102,118,175,134,30,82,137,132,191
167,189,68,167,239,63,22,219,133,148,82,23,26,191
169,140,68,169,164,171,157,166,224,185,47,12,40
173,171,137,173,149,47,170,189,201,128,131,30
78,57,109,78,69,68,209,108,201,100,133
86,134,86,42,45,149,70,48,98,197
167,146,167,160,149,63,55,93,88
79,127,79,93,42,85,87,63
85,68,85,175,30,137,191
239,68,239,148,23,191
164,68,164,47,40
149,137,149,30
69,109,69
42,42
