189,14,139,72,81,226,173,11,191,103,70,189,134,98,25
155,138,87,148,69,150,54,30,103,137,155,128,109,22
230,239,91,171,137,6,47,119,81,230,128,72,202
173,129,92,45,37,95,31,38,173,170,201,25
156,141,228,48,66,190,30,156,65,81,127
119,108,28,38,19,86,119,40,149,109
129,160,135,44,30,126,129,164,113
173,170,181,44,30,77,173,150
134,139,81,173,191,70,134
128,148,150,30,137,128
128,137,47,81,128
170,95,38,170
65,30,65
40,40
223,161,171,76,38,205,65,19,72,223,137,117,6,26,237
173,146,51,185,241,145,66,133,173,128,21,197,24,25
133,141,42,66,244,6,77,133,116,31,25,22,43
166,168,91,38,23,77,166,173,31,75,134,51
167,244,75,157,68,42,167,141,76,20,109
154,157,72,38,48,98,154,175,74,18
156,109,7,65,213,116,156,98,108
158,116,99,70,48,158,91,20
137,171,38,65,137,6,237
128,51,241,128,197,25
116,42,116,25,43
173,173,75,51
141,141,20
175,175
111,171,191,185,221,169,63,15,66,76,64,111,141,100,28
153,171,14,175,49,160,54,118,41,65,153,157,70,129
106,164,74,159,113,24,217,54,63,106,128,157,120
107,129,99,167,58,44,49,171,107,109,221,134
150,139,86,171,68,207,95,150,30,87,113
108,87,86,164,17,70,108,95,72,7
167,149,95,159,47,65,167,127,128
157,160,248,164,69,65,157,42
141,191,221,63,66,64,141
157,175,160,118,65,157
128,113,217,63,128
109,44,171,109
30,95,30
95,95
