101,228,126,209,227,18,93,48,160,236,157,119,191,101,158
200,82,191,48,28,20,102,1,140,98,119,168,200,5
13,79,221,58,12,158,20,103,95,220,166,13,28
219,209,51,45,1,48,102,93,138,157,219,20
195,77,109,197,1,153,159,126,127,195,141
72,99,170,61,7,68,102,118,72,160
12,148,51,61,69,217,94,213,12
218,148,98,23,51,158,128,218
158,227,93,160,157,191,158
5,20,1,98,168,5
28,20,95,166,28
20,93,157,20
141,127,141
160,160
84,91,77,119,70,27,63,12,128,144,42,167,108,84,160
8,236,68,134,58,24,65,11,116,70,99,175,8,1
17,219,171,58,93,6,95,31,168,157,134,17,152
17,228,98,45,51,24,28,63,170,113,17,85
66,104,227,48,28,20,157,139,175,66,237
145,99,190,55,95,70,141,133,145,108
155,221,48,14,85,167,126,217,155
22,91,119,38,218,241,77,22
160,77,70,63,128,42,160
1,68,58,65,116,1
152,171,93,95,152
85,98,51,85
237,227,237
108,108
32,86,108,69,175,24,94,176,25,103,160,145,128,32,170
24,171,58,70,72,126,54,148,71,98,168,134,24,181
17,98,129,6,16,215,44,87,38,167,118,17,240
155,86,61,207,19,70,103,137,118,135,155,170
27,23,209,55,1,168,82,138,113,27,60
6,99,1,28,79,69,103,109,6,22
168,44,127,42,23,18,77,108,168
28,118,47,81,22,164,160,28
170,175,94,25,160,128,170
181,126,148,98,134,181
240,44,38,118,240
170,137,135,170
60,113,60
22,22
