78,230,82,34,28,54,173,200,12,78,72,118,66,134,81
142,209,118,155,160,48,141,35,218,142,74,133,12,102
87,197,157,92,68,42,24,25,87,91,127,149,118
103,1,156,171,44,232,38,103,95,126,213,139
218,20,22,48,197,113,218,93,199,170,108
159,137,206,60,7,159,95,47,85,116
87,170,146,69,20,87,95,88,149
87,108,175,55,1,87,227,60
72,82,28,173,12,72,81
74,118,160,141,218,74
91,92,42,25,91
95,44,38,95
93,113,93
95,95
111,19,245,28,100,134,135,111,105,129,38,155,145,138,113
103,243,81,164,55,135,103,100,198,51,7,30,138,47
144,241,164,58,118,144,98,106,109,146,175,157,93
105,97,100,65,137,105,87,133,221,170,95,164
71,79,197,65,109,71,82,48,44,167,129
76,205,149,43,221,76,175,48,174,145
83,72,98,47,81,83,133,28,191
100,77,68,137,100,207,173,133
105,245,100,105,38,145,113
100,81,100,51,30,47
98,98,109,175,93
87,87,221,95
82,82,44
175,175
105,166,99,24,177,67,42,140,202,105,86,69,12,131,81
9,103,175,6,160,229,47,233,128,9,77,43,173,189
84,104,229,175,50,95,188,213,84,81,58,14,139
74,183,145,241,149,27,126,74,221,69,20,133
101,87,175,53,215,47,101,128,65,69,133
31,228,173,176,14,31,93,81,201,139
88,14,28,108,19,88,148,202,175
74,81,149,58,119,74,109,139
86,99,177,42,202,86,81
77,175,160,47,128,77
81,175,95,213,81
221,149,126,221
128,47,128
93,93
