208,91,80,233,118,224,148,19,42,176,63,198,58,208,168
200,232,72,134,145,81,57,170,58,20,169,240,200,171
169,14,100,133,103,27,81,38,7,167,195,169,232
49,237,141,22,168,6,48,227,102,113,49,118
142,149,170,23,99,1,218,48,213,142,128
189,202,175,113,93,245,207,51,189,148
219,171,88,237,191,28,69,55,219
171,44,202,98,218,14,51,171
168,118,148,42,63,58,168
171,81,170,20,240,171
232,81,7,195,232
118,227,113,118
128,213,128
148,148
115,21,209,236,77,233,248,86,164,28,160,63,126,115,51
161,230,75,103,77,6,5,72,149,69,51,127,161,202
144,249,100,86,72,127,137,173,40,61,164,144,116
226,17,95,158,75,133,81,65,191,240,226,42
215,242,109,100,14,241,48,209,139,215,164
232,19,164,6,170,61,109,126,232,128
37,218,91,238,141,171,5,129,37
171,23,141,139,247,58,135,171
51,209,77,248,164,160,51
202,75,77,5,149,202
116,100,72,137,116
42,95,75,42
164,109,164
128,128
117,82,74,14,109,222,72,230,47,26,43,158,232,117,146
111,30,173,138,91,164,46,227,62,70,167,129,111,139
115,221,31,129,167,61,91,70,65,212,175,115,170
107,116,170,134,77,7,22,40,168,68,107,137
153,160,92,197,87,70,19,145,63,153,109
247,81,98,116,87,44,18,232,247,113
169,94,93,122,157,44,171,167,169
113,93,177,77,20,69,175,113
146,109,72,47,43,232,146
139,164,227,70,129,139
170,91,65,175,170
137,40,68,137
109,63,109
113,113
