111,242,157,44,188,202,225,98,230,218,39,14,111,51,171
198,91,80,233,118,224,148,19,42,176,63,198,58,168
169,232,72,134,145,81,57,170,58,20,169,240,171
167,14,100,133,103,27,81,38,7,167,195,232
102,237,141,22,168,6,48,227,102,113,118
48,149,170,23,99,1,218,48,213,128
51,202,175,113,93,245,207,51,148
55,171,88,237,191,28,69,55
51,44,202,98,218,14,51
58,118,148,42,63,58
240,81,170,20,240
195,81,7,195
113,227,113
213,213
115,230,75,103,77,6,5,72,149,69,51,115,127,161,202
132,249,100,86,72,127,137,173,40,61,132,164,144,116
142,17,95,158,75,133,81,65,191,142,240,226,42
249,242,109,100,14,241,48,209,249,139,215,164
123,19,164,6,170,61,109,123,126,232,128
189,218,91,238,141,171,5,189,129,37
133,23,141,139,247,58,135,133,171
126,209,77,248,164,160,126,51
127,75,77,5,149,127,202
164,100,72,137,164,116
240,95,75,240,42
139,109,139,164
126,126,128
129,129
235,10,168,93,107,177,31,77,7,20,6,69,235,175,113
158,82,74,14,109,222,72,230,47,26,43,158,232,146
167,30,173,138,91,164,46,227,62,70,167,129,139
212,221,31,129,167,61,91,70,65,212,175,170
168,116,170,134,77,7,22,40,168,68,137
145,160,92,197,87,70,19,145,63,109
232,81,98,116,87,44,18,232,113
167,94,93,122,157,44,171,167
175,93,177,77,20,69,175
232,109,72,47,43,232
129,164,227,70,129
175,91,65,175
68,40,68
63,63
