174,55,23,44,87,30,64,20,119,93,36,68,174,175,128
166,128,27,24,81,16,237,91,218,52,47,166,173,108
102,221,66,31,138,18,104,95,53,1,102,168,122
100,126,181,1,133,74,109,69,170,100,77,118
100,242,18,14,22,125,70,118,100,149,213
98,25,240,23,18,126,45,98,44,42
79,221,170,77,7,225,171,79,128
221,118,160,197,18,81,58,221
175,44,30,20,93,68,175
173,81,237,218,47,173
168,18,95,1,168
77,109,170,77
149,118,149
44,44
102,211,191,166,150,74,10,14,44,209,63,102,99,222,108
159,232,28,156,12,6,61,133,86,68,159,189,205,118
151,48,10,167,18,87,129,242,14,151,168,138,127
158,37,113,156,100,7,99,201,158,247,229,109
72,68,181,12,201,70,171,72,145,128,47
100,64,173,50,108,51,61,100,141,134
153,6,12,14,248,81,145,153,116
168,40,14,20,116,70,168,205
99,191,150,10,44,99,108
189,28,12,61,189,118
168,10,18,168,127
247,113,247,109
145,145,47
141,141
102,52,158,113,185,77,19,66,211,134,230,145,102,146,232
166,48,64,103,30,6,113,187,108,52,38,166,99,86
76,1,28,31,12,60,97,42,180,240,76,170,87
157,50,24,26,188,109,42,46,69,157,148,113
103,38,149,1,188,221,211,47,103,69,113
102,57,159,65,23,218,158,102,44,51
31,182,164,100,20,229,55,31,170
99,44,149,93,42,77,170,99
146,113,77,66,134,145,146
99,30,113,108,38,99
170,60,42,240,170
148,42,69,148
69,47,69
44,44
