8,156,145,212,100,8,47,69,6,102,109,76,93,46,20
6,229,174,76,86,6,211,22,159,138,103,182,58,137
6,158,148,80,150,6,92,218,66,129,76,70,118
16,167,108,48,98,16,160,47,22,129,125,66
66,145,55,128,66,98,245,160,109,86,18
207,175,232,207,113,47,150,173,248,61
70,14,86,70,126,30,190,98,63
14,86,31,14,94,137,92,238
47,145,100,47,109,93,20
211,174,86,211,182,137
92,148,150,92,118
160,108,98,160
98,128,98
113,113
54,238,99,54,43,6,51,166,237,225,108,31,92,14,128
207,239,98,207,18,130,23,169,148,140,109,134,42,38
19,120,202,19,47,28,109,23,148,140,139,74,25
11,241,109,11,164,17,116,157,175,120,205,51
26,65,91,26,22,17,113,12,145,89,14
70,170,95,70,160,206,168,128,237,23
63,116,77,63,22,185,149,100,40
58,94,58,22,173,113,77,20
43,43,51,237,108,92,128
18,18,23,148,109,42
47,47,109,148,139
164,164,116,175
22,22,113
160,160
27,193,217,236,58,27,24,70,159,102,116,95,224,50,137
35,143,128,91,139,35,68,53,22,102,213,148,34,137
50,202,133,87,126,50,239,51,170,145,134,48,30
33,167,116,87,98,33,227,61,100,148,86,14
53,191,241,98,53,47,202,18,170,134,28
24,61,100,24,228,30,148,159,133,195
25,148,97,25,221,216,113,72,197
23,239,72,23,160,129,92,126
24,217,58,24,116,224,137
68,128,139,68,148,137
239,133,126,239,30
227,116,98,227
47,98,47
228,228
