147,233,149,147,58,20,89,76,170,28,99,55,83,36,116
166,158,209,166,69,246,82,89,138,30,66,197,55,248
180,140,99,180,160,139,103,158,1,226,30,55,75
154,166,148,154,63,232,91,80,28,38,233,30
167,139,113,167,51,22,99,82,14,63,119
158,228,158,47,160,113,98,127,57,218
173,126,173,44,42,221,127,1,38
153,109,153,113,160,128,237,217
58,149,58,170,99,83,116
69,209,69,30,197,248
160,99,160,30,75
63,148,63,30
51,113,51
47,47
236,141,236,164,130,22,103,86,138,177,24,135,63,20,58
111,159,111,228,3,31,187,100,102,87,131,81,70,63
63,127,63,149,26,83,31,87,243,164,27,14,228
168,173,168,202,134,87,76,175,247,66,12,239
70,87,70,47,6,10,219,157,22,69,139
63,127,63,191,246,86,170,197,69,51
102,95,102,33,108,243,157,93,149
38,38,239,74,100,160,148,175
164,164,22,86,177,135,20
228,228,31,100,87,81
149,149,83,87,164
202,202,87,175
47,47,10
191,191
200,208,109,200,69,118,82,158,141,66,20,50,10,238,47
208,141,150,208,68,58,94,87,48,149,17,51,219,65
205,189,127,205,160,1,95,100,14,17,30,38,42
146,108,95,146,149,113,82,86,28,17,51,175
215,238,93,215,173,116,108,86,23,1,63
168,128,168,175,164,127,77,5,48,36
37,113,37,30,182,72,137,23,239
224,118,224,43,58,1,48,207
69,109,69,141,20,10,47
68,150,68,149,51,65
160,127,160,30,42
149,95,149,175
173,93,173
175,175
