215,207,10,231,148,126,149,138,128,26,87,215,51,89,14
60,95,129,148,123,175,125,195,233,209,60,37,141,14
45,98,82,126,44,16,18,103,1,45,70,149,22
54,81,109,48,35,137,183,95,54,237,149,14
64,63,98,171,139,28,175,64,42,150,10
171,175,243,69,213,22,171,30,10,181
55,51,157,205,206,99,55,65,201
58,109,98,239,7,66,58,1
51,10,148,149,128,87,51
37,148,175,195,209,37
70,44,18,1,70
237,137,95,237
42,175,42
30,30
54,74,164,133,192,49,44,24,28,54,98,169,141,140,1
36,104,213,31,164,155,7,72,36,37,143,141,138,20
55,219,20,125,58,14,66,55,93,102,175,19,118
70,74,182,170,30,177,70,68,76,69,238,42
68,221,139,164,25,95,68,42,228,116,66
177,170,109,47,20,248,177,116,182,23
48,224,72,149,100,61,48,166,14
53,95,93,38,47,53,241,202
98,164,192,44,98,141,1
37,213,164,37,141,20
93,20,93,175,118
68,68,69,42
42,42,116
116,116
15,129,30,99,137,169,109,225,127,17,93,15,58,166,211
59,81,94,44,145,68,115,30,187,1,59,58,63,139
230,221,133,158,30,106,127,74,66,230,38,77,33
64,137,82,45,129,68,103,48,64,70,160,66
55,213,99,160,229,6,116,55,137,227,118
207,141,93,146,20,66,207,57,157,30
69,141,85,190,138,86,69,149,113
217,98,108,69,135,82,217,66
58,30,137,109,127,93,58
58,44,68,30,1,58
38,30,127,66,38
70,68,48,70
137,116,137
57,57
