67,76,81,50,61,67,51,126,138,132,95,115,164,17,30
34,50,30,48,109,34,47,139,86,72,171,113,207,122
27,48,85,166,249,27,1,14,134,74,37,24,170
37,220,227,224,170,37,42,113,98,228,217,188
171,98,65,137,171,160,20,126,238,181,197
68,81,51,68,164,141,237,113,42,239
69,218,173,69,141,94,72,23,238
42,199,170,42,30,160,181,137
51,81,61,51,95,164,30
47,30,109,47,113,122
1,85,249,1,170
42,227,170,42
160,137,160
164,164
222,190,180,222,58,66,109,86,98,218,75,159,168,1,116
29,82,158,29,58,26,150,140,81,92,68,24,61,12
26,46,167,26,12,233,241,138,217,119,38,102,66
66,227,145,66,30,139,150,99,164,128,167,118
17,108,58,17,38,120,69,103,86,168,209
50,63,47,50,77,6,191,128,167,30
20,141,157,20,108,139,95,158,30
70,170,70,128,127,65,145,20
58,58,109,98,75,168,116
58,58,150,81,68,61
12,12,241,217,38
30,30,150,164
38,38,69
77,77
233,66,141,48,247,233,22,188,99,83,128,6,182,17,139
11,52,87,161,240,11,42,129,86,76,168,175,14,108
36,74,149,50,164,36,58,160,201,118,153,1,148
14,31,116,158,160,14,42,10,109,98,170,25
37,82,158,148,37,240,30,127,99,243,239
63,85,166,63,95,77,109,86,145,157
66,77,145,66,227,127,81,51,25
28,66,145,28,61,227,69,141
22,141,247,22,128,182,139
42,87,240,42,175,108
58,149,164,58,148
42,116,160,42
240,148,240
95,95
