142,158,148,80,150,6,92,24,218,142,66,129,76,70,118
233,167,108,48,98,16,160,11,47,233,22,129,125,66
19,145,55,128,66,98,35,245,19,160,109,86,18
159,175,232,207,113,12,47,159,150,173,248,61
173,14,86,70,37,126,173,30,190,98,63
224,86,31,14,55,224,94,137,92,238
6,145,100,47,69,6,109,93,20
159,174,86,211,22,159,182,137
66,148,150,92,218,66,118
22,108,98,160,47,22
160,128,98,245,160
150,113,47,150
30,126,30
94,94
15,48,116,229,77,63,22,15,185,102,149,187,100,17,40
84,118,94,228,58,22,84,173,123,113,138,77,207,20
166,238,99,43,51,166,237,225,108,31,92,14,128
169,239,98,18,23,169,148,140,109,134,42,38
23,120,202,47,109,23,148,140,139,74,25
157,241,109,164,116,157,175,120,205,51
12,65,91,22,113,12,145,89,14
168,170,95,160,168,128,237,23
185,116,77,185,149,100,40
173,94,173,113,77,20
237,237,108,92,128
148,148,109,42
148,148,139
175,175
169,202,133,87,126,50,239,39,51,169,170,145,134,48,30
19,167,116,87,98,33,227,46,61,19,100,148,86,14
24,191,241,98,53,47,225,202,24,18,170,134,28
15,61,100,24,228,34,30,15,148,159,133,195
170,148,97,25,65,221,170,216,113,72,197
173,239,72,23,68,173,160,129,92,126
159,217,58,24,70,159,116,224,137
22,128,139,68,53,22,148,137
170,133,126,239,51,170,30
100,116,98,227,61,100
18,98,47,202,18
148,228,30,148
216,221,216
160,160
