78,140,242,12,18,78,14,22,125,70,118,100,149,187,213
29,249,25,166,240,29,23,18,126,45,98,44,91,42
103,48,221,167,170,103,77,7,225,171,79,129,128
32,202,118,12,160,32,197,18,81,58,221,134
87,55,23,44,87,30,20,93,68,175,128
24,128,27,24,81,237,218,47,173,108
31,221,66,31,18,95,1,168,122
1,126,181,1,109,170,77,118
14,242,18,14,118,149,213
23,25,240,23,44,42
77,221,170,77,128
197,118,160,197
30,44,30
81,81
84,68,181,84,12,106,201,76,70,46,171,72,145,128,47
17,64,173,17,50,219,108,91,51,39,61,100,141,134
183,6,12,183,14,140,248,103,81,48,145,153,116
103,40,14,103,20,138,116,209,70,37,168,205
74,191,150,74,10,14,44,209,63,99,108
6,28,12,6,61,133,86,68,189,118
87,10,18,87,129,242,14,168,127
100,113,100,7,99,201,247,109
12,12,201,70,171,145,47
50,50,108,51,61,141
14,14,248,81,145
20,20,116,70
10,10,44
61,61
13,63,38,147,149,13,1,188,221,211,47,103,69,238,113
105,140,57,154,159,105,65,23,218,158,102,44,31,51
24,205,182,33,164,24,100,20,229,55,31,91,170
105,17,44,166,149,105,93,42,77,170,99,85
185,52,158,113,185,77,66,134,145,146,232
103,48,64,103,30,113,108,38,99,86
31,1,28,31,60,42,240,170,87
26,50,24,26,42,69,148,113
1,38,149,1,47,69,113
65,57,159,65,44,51
100,182,164,100,170
93,44,149,93
77,113,77
30,30
