111,140,99,180,160,188,139,111,103,158,1,226,30,55,75
78,166,148,154,63,132,232,78,91,80,28,38,233,30
80,139,113,167,51,230,22,80,99,82,14,63,119
212,228,158,47,12,160,212,113,98,127,57,218
72,126,173,28,44,72,42,221,127,1,38
100,109,153,1,100,113,160,128,237,217
89,149,58,20,89,170,99,83,116
82,209,69,246,82,30,197,248
103,99,160,139,103,30,75
91,148,63,232,91,30
99,113,51,22,99
113,47,160,113
42,44,42
113,113
123,238,95,102,33,123,108,144,243,19,157,207,93,58,149
115,129,38,239,115,74,71,100,26,160,48,148,138,175
103,141,164,22,103,86,138,177,24,135,63,20,58
187,159,228,31,187,100,102,87,131,81,70,63
31,127,149,83,31,87,243,164,27,14,228
76,173,202,87,76,175,247,66,12,239
219,87,47,10,219,157,22,69,139
86,127,191,86,170,197,69,51
108,95,108,243,157,93,149
74,74,100,160,148,175
86,86,177,135,20
100,100,87,81
87,87,164
175,175
110,189,127,205,160,132,1,110,95,100,14,17,30,38,42
132,108,95,146,149,188,113,132,82,86,28,17,51,175
212,238,93,215,173,26,116,212,108,86,23,1,63
195,128,168,175,14,164,195,127,77,5,48,36
114,113,37,139,30,114,182,72,137,23,239
74,118,224,133,74,43,58,1,48,207
82,109,69,118,82,141,20,10,47
94,150,68,58,94,149,51,65
95,127,160,1,95,30,42
82,95,149,113,82,175
108,93,173,116,108
127,175,164,127
182,30,182
43,43
