234,63,148,53,164,187,81,19,25,26,209,234,160,201,128
144,232,177,240,76,77,209,116,24,104,144,173,48,159
103,38,48,82,95,123,99,28,227,103,149,42,126
158,61,100,91,205,44,46,65,158,72,1,167
27,85,69,98,139,201,42,27,149,22,108
144,202,69,86,12,33,144,145,209,173
155,51,217,99,133,48,155,7,141
156,201,47,191,133,22,156,141
160,148,164,81,25,209,160
173,240,77,116,104,173
149,95,99,227,149
72,44,65,72
149,42,149
145,145
212,54,42,207,141,72,7,17,6,212,226,29,68,168,139
83,61,148,171,152,126,23,65,83,241,28,81,106,175
144,91,181,202,108,7,20,144,141,225,47,102,109
78,103,177,91,127,63,78,72,58,99,145,137
102,190,89,82,133,22,102,75,69,137,166
159,77,51,6,20,47,159,30,24,133
91,221,57,30,10,160,91,20,195
72,197,81,20,149,72,65,109
226,42,141,7,226,68,139
241,148,152,241,81,175
141,181,141,47,109
72,72,99,137
75,75,137
30,30
158,61,113,100,51,82,108,121,131,26,43,158,95,28,155
212,102,31,51,74,227,231,139,37,201,212,141,28,126
161,48,87,31,93,130,164,24,238,161,224,27,102
103,202,241,86,129,150,55,23,103,99,14,160
76,58,50,191,1,24,20,76,93,65,109
155,185,241,91,129,7,155,139,159,166
100,109,202,128,5,63,100,44,25
85,145,93,128,195,1,85,164
95,113,51,108,131,43,95
141,51,227,139,201,141
224,93,164,238,224
99,150,23,99
93,20,93
139,139
