186,126,173,28,44,72,42,169,221,212,127,2,1,186,38
198,109,153,1,100,113,168,160,66,128,2,237,198,217
36,149,58,20,89,76,170,28,99,55,83,36,116
55,209,69,246,82,89,138,30,66,197,55,248
55,99,160,139,103,158,1,226,30,55,75
233,148,63,232,91,80,28,38,233,30
119,113,51,22,99,82,14,63,119
218,47,160,113,98,127,57,218
38,44,42,221,127,1,38
217,113,160,128,237,217
116,170,99,83,116
248,30,197,248
75,30,75
30,30
106,133,127,63,149,26,83,31,87,243,164,27,14,106,228
37,146,173,168,202,134,87,76,175,247,66,12,37,239
140,224,87,70,47,6,10,219,157,22,69,140,139
38,211,127,63,191,246,86,170,197,69,38,51
58,238,95,102,33,108,243,157,93,58,149
138,129,38,239,74,100,160,148,138,175
58,141,164,22,86,177,135,20,58
63,159,228,31,100,87,81,63
228,127,149,83,87,164,228
239,173,202,87,175,239
139,87,47,10,139
51,127,191,51
149,95,149
175,175
64,113,37,139,30,114,182,158,72,17,137,230,23,64,239
50,118,224,133,74,43,103,58,187,1,21,48,50,207
238,109,69,118,82,158,141,66,20,50,10,238,47
219,150,68,58,94,87,48,149,17,51,219,65
38,127,160,1,95,100,14,17,30,38,42
51,95,149,113,82,86,28,17,51,175
63,93,173,116,108,86,23,1,63
36,175,164,127,77,5,48,36
239,30,182,72,137,23,239
207,43,58,1,48,207
47,141,20,10,47
65,149,51,65
42,30,42
175,175
