198,141,173,19,164,27,170,26,82,199,149,107,63,198,139
117,72,202,23,166,227,102,20,38,44,212,77,117,128
189,168,145,6,102,26,1,239,118,230,63,189,139
138,238,240,133,134,12,55,141,54,93,138,127
115,87,65,1,168,133,217,48,61,115,20
131,77,91,127,108,18,195,65,131,93
195,94,148,91,66,17,57,103,195
135,93,221,175,245,109,38,135
139,164,170,82,149,63,139
128,227,20,44,77,128
139,1,118,63,139
127,141,93,127
20,61,20
93,93
106,233,18,50,63,17,77,107,149,87,192,207,138,106,160
110,34,91,145,82,17,22,133,42,185,120,68,110,116
166,11,72,80,95,101,18,134,91,63,58,166,160
158,169,95,87,227,22,241,23,118,65,158,148
173,6,48,76,7,164,228,37,58,173,127
199,201,100,66,170,202,47,113,199,10
133,1,98,237,240,93,126,128,133
146,20,164,23,213,25,95,146
160,18,63,77,149,192,160
116,91,82,22,42,116
160,72,95,18,160
148,95,227,148
127,48,127
10,10
144,91,76,12,14,173,170,84,31,64,47,190,65,144,139
196,191,86,28,26,113,105,23,129,213,200,65,196,149
114,170,31,1,134,16,95,63,87,70,188,114,241
130,77,81,55,159,23,132,148,64,116,130,109
159,175,72,17,191,82,131,37,75,159,128
120,149,228,22,246,103,61,209,120,175
127,42,93,99,177,22,43,61,127
128,75,77,181,18,201,127,128
139,14,170,31,47,65,139
149,113,23,213,65,149
241,95,87,188,241
109,148,116,109
128,75,128
175,175
