62,142,168,62,145,6,102,26,1,239,118,230,63,189,139
142,161,238,142,240,133,134,12,55,141,54,93,138,127
189,166,87,189,65,1,168,133,217,48,61,115,20
155,168,77,155,91,127,108,18,195,65,131,93
157,24,94,157,148,91,66,17,57,103,195
70,228,70,93,221,175,245,109,38,135
173,141,173,164,170,82,149,63,139
202,72,202,227,20,44,77,128
145,168,145,1,118,63,139
240,238,240,141,93,127
65,87,65,61,20
91,77,91,93
148,94,148
93,93
3,1,3,98,35,237,168,240,185,93,120,126,68,128,133
219,20,219,164,229,23,129,213,87,25,48,95,241,146
50,18,50,63,17,77,107,149,87,192,207,138,160
145,91,145,82,17,22,133,42,185,120,68,116
80,72,80,95,101,18,134,91,63,58,160
87,95,87,227,22,241,23,118,65,148
76,48,76,7,164,228,37,58,127
100,100,66,170,202,47,113,10
98,98,237,240,93,126,128
164,164,23,213,25,95
63,63,77,149,192
82,82,22,42
95,95,18
227,227
211,145,170,211,31,1,134,16,95,63,87,70,188,114,241
102,167,77,102,81,55,159,23,132,148,64,116,130,109
84,171,175,84,72,17,191,82,131,37,75,159,128
167,145,149,167,228,22,246,103,61,209,120,175
229,171,42,229,93,99,177,22,43,61,127
92,81,92,75,77,181,18,201,127,128
76,91,76,14,170,31,47,65,139
86,191,86,113,23,213,65,149
31,170,31,95,87,188,241
81,77,81,148,116,109
72,175,72,75,128
228,149,228,175
93,42,93
75,75
