130,65,61,173,148,91,63,167,150,125,118,130,23,7,239
32,171,242,44,87,69,159,30,6,237,32,10,99,118
33,58,145,232,61,168,75,201,20,33,23,99,118
22,232,72,46,167,69,18,248,22,202,95,129
24,51,209,58,102,126,42,24,30,93,239
18,68,168,74,181,113,18,47,173,248
24,38,164,79,168,14,24,63,23
122,65,98,64,157,139,122,61
23,61,148,63,150,118,23
10,44,69,30,237,10
23,61,75,20,23
202,69,248,202
30,42,30
47,47
6,169,63,154,45,31,42,164,228,6,72,101,98,108,170
108,174,61,82,175,50,145,55,108,150,104,68,191,51
236,171,93,173,63,23,7,236,109,83,85,139,69
218,37,141,70,181,139,218,160,92,77,14,44
133,48,159,100,66,18,133,63,211,148,134
120,37,168,170,20,118,120,137,125,197
135,207,98,183,185,44,135,221,206
1,60,164,38,42,1,98,189
72,63,45,42,72,98,170
150,61,175,150,68,51
109,93,109,85,69
160,160,77,44
63,63,148
137,137
24,57,109,78,69,54,68,168,209,119,108,24,201,100,133
24,134,86,42,56,45,154,149,18,70,24,48,98,197
1,146,167,50,160,144,149,118,63,1,55,93,88
245,127,79,31,102,93,228,42,245,85,87,63
134,68,85,65,102,118,175,134,30,137,191
133,68,239,63,22,219,133,148,23,191
224,68,164,171,157,166,224,47,40
201,137,149,47,170,189,201,30
201,109,69,68,209,108,201
48,42,45,149,70,48
55,160,149,63,55
85,93,42,85
30,175,30
148,148
