21,161,238,142,240,21,133,134,12,55,141,54,93,138,127
106,166,87,189,65,106,1,168,133,217,48,61,115,20
158,168,77,155,91,158,127,108,18,195,65,131,93
230,24,94,157,148,230,91,66,17,57,103,195
168,228,70,93,168,221,175,245,109,38,135
19,141,173,19,164,170,82,149,63,139
23,72,202,23,227,20,44,77,128
6,168,145,6,1,118,63,139
133,238,240,133,141,93,127
1,87,65,1,61,20
127,77,91,127,93
91,94,148,91
221,93,221
164,164
6,201,100,6,66,131,170,31,202,108,47,187,113,199,10
35,1,98,35,237,168,240,185,93,120,126,68,128,133
229,20,164,229,23,129,213,87,25,48,95,241,146
17,18,63,17,77,107,149,87,192,207,138,160
17,91,82,17,22,133,42,185,120,68,116
101,72,95,101,18,134,91,63,58,160
22,95,227,22,241,23,118,65,148
7,48,7,164,228,37,58,127
66,66,170,202,47,113,10
237,237,240,93,126,128
23,23,213,25,95
77,77,149,192
22,22,42
18,18
29,167,77,102,81,29,55,159,23,132,148,64,116,130,109
29,171,175,84,72,29,17,191,82,131,37,75,159,128
144,145,149,167,228,144,22,246,103,61,209,120,175
12,171,42,229,93,12,99,177,22,43,61,127
66,81,92,75,66,77,181,18,201,127,128
12,91,76,12,14,170,31,47,65,139
28,191,86,28,113,23,213,65,149
1,170,31,1,95,87,188,241
55,77,81,55,148,116,109
17,175,72,17,75,128
22,149,228,22,175
99,42,93,99
77,75,77
14,14
