111,72,148,131,51,55,61,106,69,41,217,111,94,213,12
140,82,123,148,70,98,89,23,142,51,140,158,128,218
236,228,126,209,227,18,93,48,160,236,157,191,158
140,82,191,48,28,20,102,1,140,98,168,5
103,79,221,58,12,158,20,103,95,166,28
102,209,51,45,1,48,102,93,157,20
159,77,109,197,1,153,159,127,141
102,99,170,61,7,68,102,160
94,148,51,61,69,217,94
158,148,98,23,51,158
157,227,93,160,157
98,20,1,98
95,20,95
93,93
169,219,171,58,93,6,95,31,168,169,157,196,134,17,152
92,228,98,45,51,24,28,63,92,170,157,113,17,85
103,104,227,48,28,20,157,103,139,238,175,66,237
31,99,190,55,95,70,31,141,168,133,145,108
158,221,48,14,85,167,158,126,102,217,155
158,91,119,38,218,241,158,77,166,22
167,77,70,63,128,42,167,108,160
99,68,58,65,116,99,175,1
157,171,93,95,157,134,152
170,98,51,170,113,85
139,227,139,175,237
141,141,133,108
126,126,217
77,77
84,173,44,106,127,19,42,80,23,154,18,84,77,108,168
231,100,126,118,17,47,71,81,53,22,231,164,160,28
103,86,108,69,175,24,94,176,25,103,160,128,170
71,171,58,70,72,126,54,148,71,98,134,181
87,98,129,6,16,215,44,87,38,118,240
103,86,61,207,19,70,103,137,135,170
82,23,209,55,1,168,82,113,60
103,99,1,28,79,69,103,22
77,44,127,42,23,18,77
164,118,47,81,22,164
160,175,94,25,160
98,126,148,98
38,44,38
137,137
