200,233,30,76,139,200,20,49,170,86,25,174,217,103,38
154,166,63,103,98,154,7,68,150,128,48,61,46,38
27,6,61,74,137,27,7,12,149,118,224,85,47
27,146,148,74,108,27,17,24,149,99,138,68
6,31,140,160,6,1,58,170,86,55,53
201,18,129,201,149,14,160,128,81,51
197,108,99,197,137,20,113,149,68
18,1,127,18,20,137,42,177
20,30,139,20,25,217,38
7,63,98,7,61,38
7,61,137,7,47
17,148,108,17
1,160,1
149,149
19,174,118,19,23,36,68,82,77,232,109,55,57,177,149
13,229,86,13,14,212,141,104,81,133,128,37,149,207
6,171,72,6,1,58,43,103,60,132,128,157,87
158,23,126,158,160,53,99,92,137,129,190,61
6,157,108,6,126,205,137,141,238,249,61
170,30,137,170,44,50,217,128,57,47
157,47,116,157,6,7,109,190,69
14,170,14,58,183,108,240,98
23,23,68,77,109,57,149
14,14,141,81,128,149
1,1,43,60,128
160,160,99,137
126,126,137
44,44
179,167,160,129,135,179,66,17,98,86,42,150,237,63,43
28,181,7,115,113,28,1,58,75,139,38,164,100,170
153,171,28,71,126,153,22,38,91,103,52,104,175
24,181,160,98,248,24,240,28,168,118,180,63
158,173,103,127,158,30,47,1,81,175,177
66,14,129,66,98,7,160,218,141,53
5,201,118,5,30,175,116,237,51
33,170,129,33,42,77,63,51
66,160,135,66,42,237,43
1,7,113,1,164,170
22,28,126,22,175
240,160,248,240
30,127,30
98,98
