235,82,123,148,70,98,89,23,142,51,140,158,235,128,218
119,228,126,209,227,18,93,48,160,236,157,119,191,158
119,82,191,48,28,20,102,1,140,98,119,168,5
220,79,221,58,12,158,20,103,95,220,166,28
138,209,51,45,1,48,102,93,138,157,20
126,77,109,197,1,153,159,126,127,141
118,99,170,61,7,68,102,118,160
213,148,51,61,69,217,94,213
128,148,98,23,51,158,128
191,227,93,160,157,191
168,20,1,98,168
166,20,95,166
157,93,157
127,127
144,236,68,134,58,24,65,11,116,70,99,144,175,8,1
196,219,171,58,93,6,95,31,168,157,196,134,17,152
157,228,98,45,51,24,28,63,170,157,113,17,85
238,104,227,48,28,20,157,139,238,175,66,237
168,99,190,55,95,70,141,168,133,145,108
102,221,48,14,85,167,126,102,217,155
166,91,119,38,218,241,77,166,22
108,77,70,63,128,42,108,160
175,68,58,65,116,175,1
134,171,93,95,134,152
113,98,51,113,85
175,227,175,237
133,133,108
217,217
146,100,126,118,17,47,71,81,53,22,231,164,146,160,28
145,86,108,69,175,24,94,176,25,103,160,145,128,170
168,171,58,70,72,126,54,148,71,98,168,134,181
167,98,129,6,16,215,44,87,38,167,118,240
118,86,61,207,19,70,103,137,118,135,170
138,23,209,55,1,168,82,138,113,60
109,99,1,28,79,69,103,109,22
108,44,127,42,23,18,77,108
160,118,47,81,22,164,160
128,175,94,25,160,128
134,126,148,98,134
118,44,38,118
135,137,135
113,113
