54,14,187,108,31,164,102,139,19,177,226,134,54,7,70
161,7,173,167,175,102,109,24,206,207,195,161,247,48
17,98,32,170,224,116,19,109,225,126,17,138,68
24,99,240,168,157,71,139,58,69,24,22,68
17,95,197,149,134,1,138,175,17,126,48
1,248,7,77,139,100,126,1,149,69
204,116,30,58,224,177,132,204,61
218,128,213,148,129,217,125,218
7,108,164,139,177,134,7
247,175,109,206,195,247
138,116,109,126,138
22,139,69,22
126,175,126
149,149
140,101,229,17,28,100,175,125,42,19,205,140,133,166,176
140,26,201,24,47,225,42,141,77,126,140,23,153,57
126,82,99,168,137,31,128,245,25,126,7,70,48
11,74,164,166,86,139,239,108,11,10,37,240
24,103,6,82,133,81,127,24,75,48,149
233,74,170,82,118,20,109,233,30,58
108,31,141,38,68,30,45,108,70
28,213,182,47,139,128,28,149
133,229,28,175,42,133,176
23,201,47,42,23,57
7,99,137,7,48
10,164,10,240
75,75,149
30,30
17,86,18,109,228,61,156,149,79,63,231,128,17,25,48
124,20,170,81,42,125,160,16,30,107,65,124,109,70
24,217,50,95,153,44,5,42,138,69,24,116,171
12,20,160,157,166,77,164,33,40,12,139,51
26,40,197,77,148,87,14,175,26,65,70
14,68,65,221,170,245,190,14,137,118
246,61,25,98,137,18,108,246,116
199,171,30,43,137,93,38,199
25,109,61,149,63,128,25
109,42,160,30,65,109
116,44,42,69,116
139,164,40,139
65,175,65
137,137
