212,171,86,212,31,14,55,224,94,123,137,91,92,37,238
212,156,145,212,100,47,69,6,102,109,76,93,46,20
76,229,174,76,86,211,22,159,138,103,182,58,137
80,158,148,80,150,92,218,66,129,76,70,118
48,167,108,48,98,160,47,22,129,125,66
55,145,55,128,98,245,160,109,86,18
232,175,232,113,47,150,173,248,61
86,14,86,126,30,190,98,63
31,86,31,94,137,92,238
100,145,100,109,93,20
86,174,86,182,137
150,148,150,118
98,108,98
128,128
54,239,54,98,207,18,130,23,169,148,140,109,134,42,38
53,120,53,202,19,47,28,109,23,148,140,139,74,25
74,241,74,109,11,164,17,116,157,175,120,205,51
97,65,97,91,26,22,17,113,12,145,89,14
229,170,229,95,70,160,206,168,128,237,23
229,116,229,77,63,22,185,149,100,40
228,94,228,58,22,173,113,77,20
99,99,43,51,237,108,92,128
98,98,18,23,148,109,42
202,202,47,109,148,139
109,109,164,116,175
91,91,22,113
95,95,160
77,77
187,158,239,187,72,23,68,173,160,102,129,131,92,207,126
236,193,217,236,58,24,70,159,102,116,95,224,50,137
91,143,128,91,139,68,53,22,102,213,148,34,137
87,202,133,87,126,239,51,170,145,134,48,30
87,167,116,87,98,227,61,100,148,86,14
241,191,241,98,47,202,18,170,134,28
100,61,100,228,30,148,159,133,195
97,148,97,221,216,113,72,197
72,239,72,160,129,92,126
58,217,58,116,224,137
139,128,139,148,137
126,133,126,30
98,116,98
98,98
