117,139,113,167,51,230,22,80,99,121,82,117,14,63,119
188,228,158,47,12,160,212,113,138,98,188,127,57,218
212,126,173,28,44,72,42,169,221,212,127,1,38
66,109,153,1,100,113,168,160,66,128,237,217
28,149,58,20,89,76,170,28,99,83,116
138,209,69,246,82,89,138,30,197,248
1,99,160,139,103,158,1,30,75
28,148,63,232,91,80,28,30
14,113,51,22,99,82,14
127,47,160,113,98,127
127,44,42,221,127
128,113,160,128
99,170,99
30,30
117,224,87,70,47,6,10,219,157,117,22,41,69,140,139
2,211,127,63,191,246,86,170,2,197,26,69,38,51
19,238,95,102,33,108,243,19,157,207,93,58,149
26,129,38,239,74,100,26,160,48,148,138,175
24,141,164,22,86,177,24,135,63,20,58
131,159,228,31,100,87,131,81,70,63
27,127,149,83,87,164,27,14,228
66,173,202,87,175,66,12,239
22,87,47,10,22,69,139
197,127,191,197,69,51
157,95,157,93,149
160,160,148,175
135,135,20
81,81
9,238,93,215,173,26,116,212,108,105,86,9,23,1,63
129,128,168,175,14,164,195,127,105,77,129,5,48,36
17,113,37,139,30,114,182,158,72,17,137,23,239
187,118,224,133,74,43,103,58,187,1,48,207
66,109,69,118,82,158,141,66,20,10,47
48,150,68,58,94,87,48,149,51,65
14,127,160,1,95,100,14,30,42
28,95,149,113,82,86,28,175
23,93,173,116,108,86,23
5,175,164,127,77,5
137,30,182,72,137
1,43,58,1
20,141,20
149,149
