26,220,209,190,51,26,45,1,48,102,93,138,157,219,20
225,92,77,55,109,225,197,1,153,159,126,127,195,141
205,232,99,53,170,205,61,7,68,102,118,72,160
55,72,148,131,51,55,61,69,217,94,213,12
70,82,123,148,70,98,23,51,158,128,218
209,228,126,209,227,93,160,157,191,158
48,82,191,48,20,1,98,168,5
58,79,221,58,20,95,166,28
45,209,51,45,93,157,20
197,77,109,197,127,141
61,99,170,61,160
61,148,51,61
98,148,98
227,227
13,99,190,13,55,214,95,200,70,31,141,168,133,145,108
223,221,48,223,14,24,85,169,167,158,126,102,217,155
26,91,119,26,38,27,218,143,241,158,77,166,22
27,77,70,27,63,12,128,144,42,167,108,160
24,68,58,24,65,11,116,70,99,175,1
6,171,93,6,95,31,168,157,134,152
24,98,51,24,28,63,170,113,85
28,227,28,20,157,139,175,237
55,55,95,70,141,133,108
14,14,85,167,126,217
38,38,218,241,77
63,63,128,42
65,65,116
95,95
45,76,86,136,61,45,207,19,70,103,137,118,135,155,170
33,83,23,140,209,33,55,1,168,82,138,113,27,60
50,97,99,70,1,50,28,79,69,103,109,6,22
19,173,44,106,127,19,42,23,18,77,108,168
17,100,126,118,17,47,81,22,164,160,28
69,86,108,69,175,94,25,160,128,170
70,171,58,70,126,148,98,134,181
6,98,129,6,44,38,118,240
207,86,61,207,137,135,170
55,23,209,55,113,60
28,99,1,28,22
42,44,127,42
47,118,47
175,175
