142,1,63,243,77,177,65,142,157,206,74,37,202,145,127
8,38,7,102,168,119,137,8,224,135,100,40,138,173
12,28,137,74,170,37,141,12,173,153,182,87,211
17,70,161,68,103,228,17,18,118,86,171,132
1,70,91,100,227,1,164,240,218,68,108
66,18,156,100,66,42,171,195,87,249
232,63,145,99,232,30,47,81,170
66,12,168,91,66,81,195,139
157,63,77,65,157,202,127
224,7,168,137,224,173
173,137,170,141,173
18,68,228,18
164,227,164
42,42
2,26,175,159,68,2,66,222,139,142,95,229,30,132,127
19,38,99,68,19,244,229,137,89,160,82,65,189,20
29,17,141,93,29,197,132,126,173,128,65,135,108
29,31,201,42,29,12,195,116,158,23,103,129
66,12,93,118,66,20,189,47,168,61,145
173,22,14,188,173,28,138,95,93,126
6,12,98,38,6,118,99,48,128
24,17,10,24,213,197,51,137
66,175,66,139,95,30,127
244,244,137,160,65,20
197,197,126,128,135
12,12,116,23
20,20,47
28,28
102,204,42,31,81,117,126,102,150,206,87,48,113,173,213
169,26,47,144,77,31,171,169,99,180,243,87,240,51
17,37,47,103,216,187,139,17,23,108,232,58,173
17,28,156,93,49,48,17,148,217,175,241,134
168,217,87,37,7,168,18,85,173,241,134
158,69,31,218,158,20,127,81,61,240
19,7,182,99,19,109,149,98,139
19,66,173,69,19,23,42,109
150,42,81,126,150,113,213
99,47,77,171,99,51
23,47,216,139,23
148,93,48,148
18,7,18
20,20
