111,50,24,44,89,30,166,191,80,81,223,47,111,237,14
140,145,12,100,116,157,135,97,42,102,150,140,118,14
131,229,22,6,158,164,74,68,226,63,131,139,69
158,47,7,28,45,74,81,53,164,158,139,23
158,61,22,31,69,100,60,126,158,139,47
224,108,133,22,238,100,58,224,148,135
108,175,118,14,141,228,69,108,10
168,139,118,93,58,207,48,168
237,44,30,191,81,47,237
118,116,135,42,150,118
139,164,68,63,139
139,81,164,139
139,126,139
148,148
117,169,58,129,7,74,218,166,141,46,70,117,173,101,100
123,128,202,17,237,103,152,157,58,48,123,127,35,19
132,160,109,120,93,197,166,63,217,132,157,18,98
194,57,227,206,74,38,207,68,194,108,19,12
225,168,118,100,68,38,43,225,116,17,148
117,153,22,20,170,44,128,117,113,86
126,65,209,77,44,23,116,126,201
120,133,1,72,149,44,120,87
173,58,7,218,141,173,100
127,202,237,152,127,19
157,109,93,157,98
108,227,108,12
116,116,148
113,113
189,68,18,98,183,22,159,25,76,81,224,44,189,118,79
129,160,29,32,28,206,61,100,241,157,48,129,170,26
166,108,131,19,58,113,31,93,174,241,166,141,12
102,108,129,218,173,187,170,70,57,102,139,18
102,108,134,23,141,81,233,61,102,118,30
107,128,109,31,125,91,157,107,116,201
133,98,51,18,170,68,48,133,95
164,30,7,201,118,85,42,164
118,98,22,25,81,44,118
170,28,61,241,48,170
141,113,93,241,141
139,170,57,139
118,61,118
116,116
