212,191,206,140,81,236,157,212,174,65,139,18,164,31,93
29,100,61,166,113,180,145,29,181,81,87,28,91,47
156,48,43,31,128,159,243,156,168,51,83,18,91
19,209,91,109,171,139,19,108,75,132,30,18
166,51,81,159,137,166,175,113,109,227,18
166,66,99,38,166,113,141,191,20,22
157,118,120,43,157,175,113,42,160
28,133,129,145,28,81,18,14
174,206,81,157,174,164,93
181,61,113,145,181,47
168,43,128,243,168
108,109,139,108
175,137,175
113,113
212,37,175,108,158,212,149,49,81,199,135,26,170,201,116
13,70,136,58,13,23,103,69,140,138,29,217,83,81
2,63,218,145,2,188,55,171,100,213,19,113,18
230,65,116,145,230,141,103,47,237,149,1,206
144,44,116,159,144,30,45,68,237,66,1
155,122,126,167,155,113,70,138,209,213
164,128,133,213,164,87,125,38,98
158,42,168,158,93,216,20,182
149,175,149,81,135,170,116
23,23,69,138,217,81
188,188,171,213,113
141,141,47,149
30,30,68
113,113
111,50,81,208,85,142,42,111,160,221,74,48,116,19,93
26,58,81,31,126,144,173,26,145,98,129,243,185,113
147,66,51,82,116,167,69,147,190,53,72,37,22
26,205,100,109,173,93,26,20,38,81,24,185
154,217,118,158,44,154,149,248,178,61,6
166,209,132,51,166,149,109,188,181,14
26,137,95,68,26,149,240,23,12
224,61,129,157,224,168,10,195
160,81,85,42,160,116,93
145,81,126,173,145,113
190,51,116,69,190
20,109,93,20
149,44,149
149,149
