96,48,221,167,170,103,77,54,7,96,225,171,79,129,128
187,202,118,12,160,32,197,16,18,187,81,58,221,134
119,55,23,44,87,30,64,20,119,93,68,175,128
91,128,27,24,81,16,237,91,218,47,173,108
104,221,66,31,138,18,104,95,1,168,122
74,126,181,1,133,74,109,170,77,118
125,242,18,14,22,125,118,149,213
126,25,240,23,18,126,44,42
225,221,170,77,7,225,128
81,118,160,197,18,81
93,44,30,20,93
218,81,237,218
95,18,95
109,109
126,48,10,167,18,87,129,126,242,13,14,151,168,138,127
85,37,113,156,100,7,85,99,53,201,158,247,229,109
76,68,181,12,201,76,70,46,171,72,145,128,47
91,64,173,50,108,91,51,39,61,100,141,134
103,6,12,14,248,103,81,48,145,153,116
209,40,14,20,116,209,70,37,168,205
209,191,150,10,44,209,63,99,108
86,28,12,61,86,68,189,118
242,10,18,242,14,168,127
99,113,99,201,247,109
70,70,171,145,47
51,51,61,141
81,81,145
70,70
111,205,182,33,164,24,100,235,20,111,229,55,31,91,170
101,17,44,166,149,105,93,106,42,101,77,170,99,85
211,52,158,113,185,77,19,66,211,134,145,146,232
187,48,64,103,30,6,113,187,108,38,99,86
97,1,28,31,12,60,97,42,240,170,87
109,50,24,26,188,109,42,69,148,113
221,38,149,1,188,221,47,69,113
218,57,159,65,23,218,44,51
229,182,164,100,20,229,170
77,44,149,93,42,77
134,113,77,66,134
108,30,113,108
42,60,42
42,42
