56,82,69,153,61,133,160,27,77,19,86,225,51,56,134
58,170,65,18,174,128,14,160,131,206,162,47,58,126
107,221,38,149,127,100,113,201,25,6,164,107,213
55,160,63,240,139,207,18,93,180,44,55,248
207,228,44,18,164,66,6,12,83,207,98
118,86,1,168,167,105,14,102,118,164
65,182,128,164,139,99,23,195,65
109,94,47,118,99,139,192,109
134,61,160,77,86,51,134
126,128,160,206,47,126
213,113,25,164,213
248,93,44,248
98,83,98
164,164
37,171,218,35,20,102,118,167,137,76,83,188,60,37,238
222,155,28,242,42,102,148,168,44,185,12,141,222,128
229,174,160,24,135,6,93,133,232,129,51,229,237
68,159,25,11,98,14,141,86,118,213,68,201
46,173,42,30,168,141,86,109,160,46,113
139,175,28,66,168,18,116,248,139,98
128,202,40,164,139,30,216,44,128
55,170,38,22,137,98,202,55
238,218,20,118,137,83,238
128,28,42,148,44,128
237,160,135,93,237
201,25,98,201
113,42,113
98,98
210,126,28,146,93,140,175,82,98,225,221,161,109,210,61
131,7,48,1,139,149,91,77,34,160,138,60,131,38
207,20,38,6,118,84,81,129,82,229,160,207,57
118,195,38,157,199,97,12,86,166,44,118,202
126,30,68,25,206,101,66,134,93,126,74
207,95,48,152,170,100,108,168,207,98
109,44,30,148,116,202,241,38,109
119,137,44,159,65,133,56,119
61,93,175,98,221,109,61
38,149,77,160,60,38
57,81,82,160,57
202,86,44,202
74,93,74
98,98
