111,74,175,198,243,111,69,213,22,171,30,76,10,19,181
140,102,51,132,157,140,205,206,99,55,166,65,17,201
59,238,109,102,98,59,239,7,66,58,168,6,1
126,207,10,231,148,126,149,128,87,51,89,14
123,95,129,148,123,175,195,209,37,141,14
126,98,82,126,44,18,1,70,149,22
48,81,109,48,137,95,237,149,14
171,63,98,171,175,42,150,10
69,175,243,69,30,10,181
205,51,157,205,65,201
239,109,98,239,1
149,10,148,149
175,148,175
44,44
143,74,182,143,170,126,30,105,177,70,68,76,69,238,42
53,221,139,53,164,17,25,183,95,68,42,228,116,66
159,170,109,159,47,218,20,77,248,177,116,182,23
162,224,72,162,149,140,100,11,61,48,166,14
173,95,93,173,38,14,47,7,53,241,202
49,164,192,49,44,24,28,98,141,1
155,213,164,155,7,72,37,141,20
58,20,58,14,66,93,175,118
170,170,30,177,68,69,42
164,164,25,95,42,116
47,47,20,248,116
149,149,100,61
38,38,47
44,44
215,243,141,103,93,215,146,20,66,207,57,102,157,138,30
102,225,141,73,85,102,190,138,86,69,167,149,230,113
167,74,98,114,108,167,69,135,82,217,31,119,66
169,129,30,99,137,169,109,127,93,58,166,211
145,81,94,44,145,68,30,1,58,63,139
158,221,133,158,30,127,66,38,77,33
45,137,82,45,68,48,70,160,66
160,213,99,160,116,137,227,118
146,141,93,146,57,157,30
190,141,85,190,149,113
69,98,108,69,66
109,30,137,109
68,44,68
30,30
