101,185,14,101,100,133,103,27,81,38,7,167,195,169,232
76,104,237,76,141,22,168,6,48,227,102,113,49,118
83,230,149,83,170,23,99,1,218,48,213,142,128
159,10,202,159,175,113,93,245,207,51,189,148
103,202,171,103,88,237,191,28,69,55,219
157,242,157,44,202,98,218,14,51,171
80,91,80,118,148,42,63,58,168
72,232,72,81,170,20,240,171
100,14,100,81,7,195,232
141,237,141,227,113,118
170,149,170,213,128
175,202,175,148
88,171,88
44,44
166,218,166,91,19,238,72,141,46,171,49,5,189,129,37
103,23,103,141,26,139,195,247,36,58,1,135,133,171
236,209,236,77,233,248,86,164,28,160,63,126,51
103,75,103,77,6,5,72,149,69,51,127,202
86,100,86,72,127,137,173,40,61,164,116
158,95,158,75,133,81,65,191,240,42
100,109,100,14,241,48,209,139,164
164,164,6,170,61,109,126,128
91,91,238,141,171,5,129
141,141,139,247,58,135
77,77,248,164,160
77,77,5,149
72,72,137
75,75
165,29,221,165,31,129,167,61,91,70,65,212,175,115,170
79,100,116,79,170,134,77,7,22,40,168,68,107,137
158,103,160,158,92,197,87,70,19,145,63,153,109
104,94,81,104,98,116,87,44,18,232,247,113
102,241,94,102,93,122,157,44,171,167,169
168,10,168,93,177,77,20,69,175,113
74,82,74,109,72,47,43,232,146
173,30,173,164,227,70,129,139
31,221,31,91,65,175,170
170,116,170,40,68,137
92,160,92,63,109
98,81,98,113
93,94,93
93,93
