3,14,108,97,28,3,38,19,86,119,40,103,149,17,109
37,171,160,94,135,37,44,30,126,129,81,164,216,113
6,158,170,72,181,6,44,30,77,173,246,195,150
226,14,139,72,81,226,173,191,70,134,98,25
69,138,87,148,69,150,30,137,128,109,22
171,239,91,171,137,47,81,128,72,202
45,129,92,45,95,38,170,201,25
48,141,228,48,30,65,81,127
38,108,28,38,40,149,109
44,160,135,44,164,113
44,170,181,44,150
173,139,81,173
150,148,150
137,137
50,168,91,50,38,220,23,106,77,166,173,31,75,134,51
48,244,75,48,157,229,68,187,42,167,141,76,20,109
180,157,72,180,38,115,48,140,98,154,175,74,18
229,109,7,229,65,25,213,91,116,156,98,108
161,116,99,161,70,37,48,133,158,91,20
205,171,38,205,65,19,72,137,6,237
145,51,241,145,66,133,128,197,25
244,42,244,6,77,116,25,43
38,38,23,77,173,75,51
157,157,68,42,141,20
38,38,48,98,175
65,65,213,116
70,70,48
65,65
144,242,87,80,86,144,164,17,70,108,95,82,72,222,7
165,115,149,27,95,165,159,47,65,167,6,127,22,128
102,134,160,7,248,102,164,69,65,157,85,114,42
169,171,191,185,221,169,63,66,64,141,100,28
49,171,14,175,49,160,118,65,157,70,129
159,164,74,159,113,217,63,128,157,120
167,129,99,167,44,171,109,221,134
171,139,86,171,95,30,87,113
164,87,86,164,95,72,7
159,149,95,159,127,128
164,160,248,164,42
63,191,221,63
160,175,160
113,113
