15,239,91,171,137,6,47,119,81,230,128,185,72,15,202
233,129,92,45,37,95,31,38,173,170,89,201,233,25
219,141,228,48,66,190,30,156,65,103,81,219,127
17,108,28,38,19,86,119,40,103,149,17,109
216,160,135,44,30,126,129,81,164,216,113
195,170,181,44,30,77,173,246,195,150
25,139,81,173,191,70,134,98,25
22,148,150,30,137,128,109,22
202,137,47,81,128,72,202
25,95,38,170,201,25
127,30,65,81,127
109,40,149,109
113,164,113
150,150
15,158,109,80,7,229,65,25,213,91,116,156,98,15,108
242,144,116,62,99,161,70,37,48,133,158,91,242,20
26,161,171,76,38,205,65,19,72,137,6,26,237
24,146,51,185,241,145,66,133,128,197,24,25
22,141,42,66,244,6,77,116,25,22,43
134,168,91,38,23,77,173,75,134,51
109,244,75,157,68,42,141,20,109
18,157,72,38,48,98,175,18
108,109,7,65,213,116,108
20,116,99,70,48,20
237,171,38,65,237
25,51,241,25
43,42,43
51,51
222,164,74,159,113,24,217,54,63,106,128,26,157,222,120
115,129,99,167,58,44,49,171,107,109,28,221,115,134
132,139,86,171,68,207,95,150,30,28,87,132,113
222,87,86,164,17,70,108,95,82,72,222,7
22,149,95,159,47,65,167,6,127,22,128
114,160,248,164,69,65,157,85,114,42
28,191,221,63,66,64,141,100,28
129,175,160,118,65,157,70,129
120,113,217,63,128,157,120
134,44,171,109,221,134
113,95,30,87,113
7,95,72,7
128,127,128
42,42
