111,220,227,224,170,37,42,26,113,200,98,111,228,217,188
187,98,65,137,171,160,125,20,26,126,187,238,181,197
114,81,51,68,164,23,141,91,237,114,113,42,239
107,218,173,69,138,141,31,94,107,72,23,238
108,199,170,42,109,81,30,108,160,181,137
132,81,61,51,126,138,132,95,164,30
72,30,109,47,139,86,72,113,122
74,85,249,1,14,134,74,170
228,227,170,42,113,98,228
238,137,160,20,126,238
113,164,141,237,113
72,141,94,72
160,30,160
95,95
82,59,63,189,47,50,77,6,191,82,128,26,167,242,30
205,58,141,180,157,20,108,139,205,95,143,158,66,30
87,190,170,249,70,128,127,87,65,19,145,22,20
218,190,180,58,109,98,218,75,159,168,1,116
92,82,158,58,150,81,92,68,24,61,12
119,46,167,12,241,217,119,38,102,66
128,227,145,30,150,164,128,167,118
86,108,58,38,69,86,168,209
128,63,47,77,128,167,30
95,141,157,95,158,30
65,170,65,145,20
75,75,168,116
68,68,61
38,38
198,31,116,158,160,14,42,134,10,220,109,198,98,170,25
200,82,158,148,37,240,6,30,225,127,200,99,243,239
89,85,166,63,95,1,77,131,109,89,86,145,157
86,77,145,66,12,227,228,127,86,81,51,25
140,66,145,28,12,78,61,140,227,69,141
83,141,247,22,188,99,83,128,182,139
76,87,240,42,129,86,76,175,108
118,149,164,58,160,201,118,148
98,116,160,42,10,109,98
99,148,240,30,127,99
86,95,77,109,86
81,227,127,81
227,61,227
128,128
