222,82,85,222,69,98,139,201,42,27,149,34,22,224,108
59,48,202,59,69,86,12,33,144,145,24,209,106,173
46,54,51,46,217,99,133,48,155,1,7,159,141
76,82,201,76,47,191,133,22,156,12,166,141
53,63,148,53,164,81,25,209,160,201,128
177,232,177,240,77,116,104,173,48,159
48,38,48,95,99,227,149,42,126
100,61,100,44,65,72,1,167
69,85,69,42,149,22,108
69,202,69,145,209,173
217,51,217,7,141
47,201,47,141
164,148,164
240,240
103,190,103,89,138,82,21,133,197,22,102,75,69,137,166
100,77,100,51,107,6,2,20,29,47,159,30,24,133
104,221,104,57,230,30,133,10,69,160,91,20,195
71,197,71,81,76,20,12,149,66,72,65,109
207,42,207,141,72,7,17,6,226,68,139
171,148,171,152,126,23,65,241,81,175
202,181,202,108,7,20,141,47,109
177,177,91,127,63,72,99,137
89,89,82,133,22,75,137
51,51,6,20,47,30
57,57,30,10,160
81,81,20,149
141,141,7
152,152
71,190,58,71,50,191,1,24,20,76,93,8,65,166,109
50,48,185,50,241,91,129,7,155,139,230,159,158,166
46,213,109,46,202,128,5,63,100,12,44,159,25
58,202,145,58,93,128,195,1,85,12,154,164
100,61,113,100,51,108,131,43,95,28,155
31,102,31,51,227,139,201,141,28,126
87,48,87,93,164,238,224,27,102
241,202,241,150,23,99,14,160
50,58,50,20,93,65,109
241,185,241,139,159,166
202,109,202,44,25
93,145,93,164
51,113,51
51,51
