80,238,109,102,98,59,239,16,7,80,66,58,168,6,1
26,207,10,231,148,126,149,138,128,26,87,51,89,14
233,95,129,148,123,175,125,195,233,209,37,141,14
103,98,82,126,44,16,18,103,1,70,149,22
183,81,109,48,35,137,183,95,237,149,14
28,63,98,171,139,28,175,42,150,10
22,175,243,69,213,22,30,10,181
99,51,157,205,206,99,65,201
66,109,98,239,7,66,1
87,10,148,149,128,87
209,148,175,195,209
1,44,18,1
95,137,95
175,175
103,104,213,31,164,155,7,103,72,36,37,143,141,138,20
231,219,20,125,58,14,231,66,55,93,102,175,19,118
105,74,182,170,30,105,177,70,68,76,69,238,42
183,221,139,164,25,183,95,68,42,228,116,66
77,170,109,47,20,77,248,177,116,182,23
11,224,72,149,100,11,61,48,166,14
7,95,93,38,47,7,53,241,202
28,164,192,44,28,98,141,1
72,213,164,72,37,141,20
66,20,66,93,175,118
177,177,68,69,42
95,95,42,116
248,248,116
61,61
111,74,98,114,108,167,69,13,135,111,82,217,31,119,66
17,129,30,99,137,169,109,225,127,17,93,58,166,211
187,81,94,44,145,68,115,30,187,1,58,63,139
74,221,133,158,30,106,127,74,66,38,77,33
103,137,82,45,129,68,103,48,70,160,66
6,213,99,160,229,6,116,137,227,118
66,141,93,146,20,66,57,157,30
86,141,85,190,138,86,149,113
82,98,108,69,135,82,66
93,30,137,109,127,93
1,44,68,30,1
66,30,127,66
48,68,48
116,116
