9,215,221,9,38,149,127,100,113,201,25,6,164,107,213
140,155,160,140,63,240,139,207,18,93,180,44,55,248
176,188,228,176,44,18,164,66,6,12,83,207,98
19,48,86,19,1,168,167,105,14,102,118,164
218,153,182,218,128,164,139,99,23,195,65
171,51,171,94,47,118,99,139,192,109
69,82,69,61,160,77,86,51,134
65,170,65,128,160,206,47,126
38,221,38,113,25,164,213
63,160,63,93,44,248
44,228,44,83,98
1,86,1,164
128,182,128
94,94
29,202,29,40,12,164,120,139,72,30,129,216,171,44,128
225,170,225,38,167,22,115,137,104,98,18,202,168,55
35,218,35,20,102,118,167,137,76,83,188,60,238
242,28,242,42,102,148,168,44,185,12,141,128
24,160,24,135,6,93,133,232,129,51,237
11,25,11,98,14,141,86,118,213,201
30,42,30,168,141,86,109,160,113
28,28,66,168,18,116,248,98
40,40,164,139,30,216,44
38,38,22,137,98,202
20,20,118,137,83
42,42,148,44
135,135,93
98,98
84,196,20,225,38,6,118,84,81,129,82,229,160,207,57
176,230,195,176,38,157,199,97,12,86,166,44,118,202
16,175,30,16,68,25,206,101,66,134,93,126,74
19,145,95,19,48,152,170,100,108,168,207,98
249,81,44,249,30,148,116,202,241,38,109
50,150,50,137,44,159,65,133,56,119
28,126,28,93,175,98,221,109,61
48,7,48,149,77,160,60,38
38,20,38,81,82,160,57
38,195,38,86,44,202
68,30,68,93,74
48,95,48,98
30,44,30
137,137
