203,166,68,154,168,203,74,181,113,18,47,76,173,138,248
76,244,38,103,164,76,79,168,14,24,97,63,108,23
103,145,65,31,98,103,64,157,139,122,86,134,61
91,65,61,173,148,91,63,150,118,23,7,239
87,171,242,44,87,69,30,237,10,99,118
232,58,145,232,61,75,20,23,99,118
46,232,72,46,69,248,202,95,129
58,51,209,58,42,30,93,239
74,68,168,74,47,173,248
79,38,164,79,63,23
64,65,98,64,61
63,61,148,63
69,44,69
61,61
236,37,141,236,70,158,181,34,139,218,160,92,77,14,44
208,48,159,208,100,26,66,196,18,133,63,211,148,134
76,37,168,76,170,12,20,140,118,120,137,125,197
70,207,98,70,183,19,185,6,44,135,221,206
46,60,164,46,38,12,42,129,1,98,189
31,63,45,31,42,164,228,72,98,170
50,61,175,50,145,55,150,68,51
63,93,63,23,7,109,85,69
70,70,181,139,160,77,44
100,100,66,18,63,148
170,170,20,118,137
183,183,185,44
38,38,42
42,42
208,189,68,167,239,208,63,22,219,133,148,82,23,26,191
76,140,68,169,164,76,171,157,166,224,185,47,12,40
80,171,137,173,149,80,47,170,189,201,128,131,30
54,57,109,78,69,54,68,209,108,201,100,133
56,134,86,42,56,45,149,70,48,98,197
50,146,167,50,160,149,63,55,93,88
31,127,79,31,93,42,85,87,63
65,68,85,65,175,30,137,191
63,68,239,63,148,23,191
171,68,164,171,47,40
47,137,149,47,30
68,109,69,68
45,42,45
160,160
