106,95,129,148,123,175,125,195,233,209,60,37,106,141,14
162,98,82,126,44,16,18,103,1,45,70,162,149,22
167,81,109,48,35,137,183,95,54,237,167,149,14
145,63,98,171,139,28,175,64,42,145,150,10
76,175,243,69,213,22,171,30,76,10,181
166,51,157,205,206,99,55,166,65,201
168,109,98,239,7,66,58,168,1
89,10,148,149,128,87,51,89
141,148,175,195,209,37,141
149,44,18,1,70,149
149,137,95,237,149
150,175,42,150
10,30,10
65,65
144,78,95,138,93,173,38,14,47,7,53,144,241,117,202
169,74,164,133,192,49,44,24,28,98,169,141,140,1
143,104,213,31,164,155,7,72,37,143,141,138,20
102,219,20,125,58,14,66,93,102,175,19,118
76,74,182,170,30,177,68,76,69,238,42
228,221,139,164,25,95,42,228,116,66
182,170,109,47,20,248,116,182,23
166,224,72,149,100,61,166,14
241,95,93,38,47,241,202
141,164,192,44,141,1
141,213,164,141,20
175,20,175,118
69,69,42
116,116
159,81,94,44,145,68,115,30,187,1,59,58,159,63,139
155,221,133,158,30,106,127,74,66,230,38,155,77,33
210,137,82,45,129,68,103,48,64,70,210,160,66
224,213,99,160,229,6,116,55,137,224,227,118
102,141,93,146,20,66,207,57,102,157,30
167,141,85,190,138,86,69,167,149,113
31,98,108,69,135,82,217,31,66
166,30,137,109,127,93,58,166
63,44,68,30,1,58,63
77,30,127,66,38,77
160,68,48,70,160
227,116,137,227
157,57,157
149,149
