111,31,140,160,6,1,50,58,105,170,101,86,111,55,53
105,18,129,201,149,26,14,156,160,225,128,105,81,51
102,108,99,197,48,137,156,20,85,113,102,149,68
208,1,127,18,55,170,20,99,137,208,42,177
174,30,139,20,49,170,86,25,174,217,38
48,63,98,7,68,150,128,48,61,38
224,61,137,7,12,149,118,224,47
138,148,108,17,24,149,99,138
55,160,1,58,170,86,55
81,149,14,160,128,81
149,137,20,113,149
42,20,137,42
217,25,217
61,61
161,171,157,125,108,6,126,205,137,141,238,161,249,91,61
62,24,30,209,137,170,44,50,217,128,62,57,49,47
158,159,47,82,116,157,6,7,109,158,190,176,69
159,171,170,86,14,58,183,108,159,240,177,98
55,174,118,23,68,77,109,55,57,177,149
37,229,86,14,141,81,128,37,149,207
157,171,72,1,43,60,128,157,87
190,23,126,160,99,137,190,61
249,157,108,126,137,249,61
57,30,137,44,57,47
190,47,116,190,69
240,170,240,98
57,57,149
149,149
179,173,103,127,158,30,26,47,83,1,196,81,179,175,177
151,14,129,66,98,36,7,103,160,76,218,151,141,53
123,201,118,5,176,30,160,175,129,116,123,237,51
123,170,129,33,22,91,42,225,77,123,63,51
150,160,135,66,17,98,86,42,150,237,43
38,7,113,1,58,75,139,38,164,170
52,28,126,22,38,91,103,52,175
180,160,248,240,28,168,118,180
175,127,30,47,1,81,175
141,98,7,160,218,141
237,30,175,116,237
63,42,77,63
237,42,237
164,164
