111,188,228,176,44,172,18,111,164,66,6,12,83,207,98
215,48,86,19,1,34,168,215,167,105,14,102,118,164
233,153,182,218,128,24,164,233,139,99,23,195,65
169,51,171,94,37,47,169,118,99,139,192,109
133,82,69,153,61,133,160,77,86,51,134
174,170,65,18,174,128,160,206,47,126
127,221,38,149,127,113,25,164,213
139,160,63,240,139,93,44,248
164,228,44,18,164,83,98
167,86,1,168,167,164
139,182,128,164,139
118,94,47,118
160,61,160
128,128
161,173,42,30,168,161,141,222,86,215,109,102,160,46,113
138,175,28,66,138,168,91,18,119,116,54,248,139,98
120,202,40,164,120,139,72,30,129,216,171,44,128
115,170,38,22,115,137,104,98,18,202,168,55
167,218,20,118,167,137,76,83,188,60,238
168,28,42,148,168,44,185,12,141,128
133,160,135,93,133,232,129,51,237
141,25,98,141,86,118,213,201
141,42,141,86,109,160,113
168,168,18,116,248,98
139,139,30,216,44
137,137,98,202
137,137,83
44,44
140,175,30,16,68,159,25,140,206,101,66,134,93,126,74
161,145,95,19,48,142,152,161,170,100,108,168,207,98
134,81,44,249,30,156,148,134,116,202,241,38,109
102,150,50,137,158,44,102,159,65,133,56,119
140,126,28,146,93,140,175,98,221,109,61
139,7,48,1,139,149,77,160,60,38
118,20,38,6,118,81,82,160,57
199,195,38,157,199,86,44,202
206,30,68,25,206,93,74
170,95,48,152,170,98
116,44,30,148,116
159,137,44,159
175,93,175
149,149
