111,80,79,111,221,58,12,158,20,103,95,220,166,13,28
190,220,209,190,51,45,1,48,102,93,138,157,219,20
55,92,77,55,109,197,1,153,159,126,127,195,141
53,232,99,53,170,61,7,68,102,118,72,160
131,72,148,131,51,61,69,217,94,213,12
123,82,123,148,98,23,51,158,128,218
126,228,126,227,93,160,157,191,158
191,82,191,20,1,98,168,5
221,79,221,20,95,166,28
51,209,51,93,157,20
109,77,109,127,141
170,99,170,160
51,148,51
148,148
111,221,111,48,223,14,24,85,169,167,158,126,102,217,155
140,91,140,119,26,38,27,218,143,241,158,77,166,22
119,77,119,70,27,63,12,128,144,42,167,108,160
134,68,134,58,24,65,11,116,70,99,175,1
58,171,58,93,6,95,31,168,157,134,152
45,98,45,51,24,28,63,170,113,85
48,227,48,28,20,157,139,175,237
190,190,55,95,70,141,133,108
48,48,14,85,167,126,217
119,119,38,218,241,77
70,70,63,128,42
58,58,65,116
93,93,95
51,51
222,80,98,222,129,6,16,215,44,87,38,167,118,17,240
136,76,86,136,61,207,19,70,103,137,118,135,155,170
140,83,23,140,209,55,1,168,82,138,113,27,60
70,97,99,70,1,28,79,69,103,109,6,22
106,173,44,106,127,42,23,18,77,108,168
126,100,126,118,47,81,22,164,160,28
108,86,108,175,94,25,160,128,170
58,171,58,126,148,98,134,181
129,98,129,44,38,118,240
61,86,61,137,135,170
209,23,209,113,60
1,99,1,22
127,44,127
118,118
