142,171,113,102,145,131,137,37,44,54,30,142,174,65,48
13,138,102,148,24,175,222,95,219,63,13,22,50,230
158,18,167,133,243,48,81,53,87,158,170,43,201
66,108,153,28,242,72,22,91,66,175,65,213
166,109,141,79,12,19,100,166,175,42,191
239,109,94,127,87,42,239,93,77,248
173,113,157,98,42,245,173,85,57
158,150,224,197,103,1,158,44
174,113,145,137,44,30,174
22,148,175,95,63,22
170,243,81,87,170
175,72,91,175
175,100,175
93,93
158,169,100,224,216,26,57,48,28,158,173,106,209,140,22
236,167,173,145,44,7,76,48,236,168,55,128,219,88
22,171,95,97,237,38,63,22,189,134,65,118,98
17,167,86,87,45,47,17,145,134,99,205,149
157,104,72,85,61,95,157,150,68,175,118
166,224,167,139,228,201,166,93,128,14
158,166,174,30,141,148,158,42,116
191,83,91,98,81,191,64,63
173,100,216,57,173,209,22
168,173,44,168,128,88
189,95,189,65,98
145,145,99,149
150,150,175
93,93
13,108,42,86,168,112,201,103,81,225,14,13,12,116,33
15,171,103,145,132,98,177,86,27,31,15,224,48,1
165,159,169,195,127,74,42,37,38,165,102,65,14
224,189,99,129,82,175,222,116,224,141,69,18
14,164,182,72,104,68,87,14,149,44,202
219,128,149,125,82,55,219,42,202,116
154,72,157,135,100,68,154,98,20
12,42,175,128,77,23,12,248
12,42,168,201,81,14,12
224,145,98,86,31,224
102,127,42,38,102
141,175,116,141
149,87,149
42,42
