15,82,201,76,47,80,191,34,133,15,22,156,12,166,141
26,63,148,53,164,187,81,19,25,26,209,160,201,128
24,232,177,240,76,77,209,116,24,104,173,48,159
28,38,48,82,95,123,99,28,227,149,42,126
46,61,100,91,205,44,46,65,72,1,167
201,85,69,98,139,201,42,149,22,108
33,202,69,86,12,33,145,209,173
48,51,217,99,133,48,7,141
22,201,47,191,133,22,141
209,148,164,81,25,209
104,240,77,116,104
227,95,99,227
65,44,65
42,42
212,61,148,171,152,126,23,212,65,83,241,28,81,106,175
24,91,181,202,108,7,24,20,144,141,225,47,102,109
54,103,177,91,127,54,63,78,72,58,99,145,137
197,190,89,82,133,197,22,102,75,69,137,166
29,77,51,6,20,29,47,159,30,24,133
69,221,57,30,10,69,160,91,20,195
66,197,81,20,149,66,72,65,109
6,42,141,7,6,226,68,139
65,148,152,65,241,81,175
20,181,20,141,47,109
63,63,72,99,137
22,22,75,137
47,47,30
160,160
8,202,145,58,93,125,128,19,195,8,1,85,12,154,164
26,61,113,100,51,82,108,121,131,26,43,95,28,155
37,102,31,51,74,227,231,139,37,201,141,28,126
24,48,87,31,93,130,164,24,238,224,27,102
55,202,241,86,129,150,55,23,99,14,160
24,58,50,191,1,24,20,93,65,109
7,185,241,91,129,7,139,159,166
63,109,202,128,5,63,44,25
1,145,93,128,195,1,164
43,113,51,108,131,43
201,51,227,139,201
238,93,164,238
23,150,23
20,20
