236,7,173,167,175,102,109,24,206,207,195,161,247,236,48
180,98,32,170,224,116,19,109,225,126,17,138,180,68
154,99,240,168,157,71,139,58,69,24,22,154,68
121,95,197,149,134,1,138,175,17,126,121,48
45,248,7,77,139,100,126,1,149,45,69
145,116,30,58,224,177,132,204,145,61
38,128,213,148,129,217,125,218,38
70,108,164,139,177,134,7,70
48,175,109,206,195,247,48
68,116,109,126,138,68
68,139,69,22,68
48,175,126,48
69,149,69
61,61
173,183,213,2,182,103,47,107,139,26,128,133,28,173,149
166,101,229,17,28,100,175,125,42,19,205,133,166,176
153,26,201,24,47,225,42,141,77,126,23,153,57
70,82,99,168,137,31,128,245,25,7,70,48
37,74,164,166,86,139,239,108,10,37,240
48,103,6,82,133,81,127,75,48,149
58,74,170,82,118,20,109,30,58
70,31,141,38,68,30,45,70
149,213,182,47,139,128,149
176,229,28,175,42,176
57,201,47,42,57
48,99,137,48
240,164,240
149,149
111,20,170,81,42,125,160,16,30,107,65,124,109,111,70
161,217,50,95,153,44,5,42,138,69,24,116,161,171
67,20,160,157,166,77,164,33,40,12,139,67,51
46,40,197,77,148,87,14,175,26,65,46,70
70,68,65,221,170,245,190,14,137,70,118
50,61,25,98,137,18,108,246,50,116
70,171,30,43,137,93,38,199,70
48,109,61,149,63,128,25,48
70,42,160,30,65,109,70
171,44,42,69,116,171
51,164,40,139,51
70,175,65,70
118,137,118
116,116
