54,228,70,93,168,221,167,175,19,245,236,109,54,38,135
107,141,173,19,164,27,170,26,82,199,149,107,63,139
212,72,202,23,166,227,102,20,38,44,212,77,128
230,168,145,6,102,26,1,239,118,230,63,139
54,238,240,133,134,12,55,141,54,93,127
48,87,65,1,168,133,217,48,61,20
65,77,91,127,108,18,195,65,93
103,94,148,91,66,17,57,103
38,93,221,175,245,109,38
63,164,170,82,149,63
77,227,20,44,77
63,1,118,63
93,141,93
61,61
111,34,91,145,82,17,22,133,42,185,120,111,68,110,116
140,11,72,80,95,101,18,134,91,63,140,58,166,160
48,169,95,87,227,22,241,23,118,48,65,158,148
64,6,48,76,7,164,228,37,64,58,173,127
187,201,100,66,170,202,47,187,113,199,10
68,1,98,237,240,93,126,68,128,133
241,20,164,23,213,25,95,241,146
138,18,63,77,149,192,138,160
68,91,82,22,42,68,116
58,72,95,18,58,160
65,95,227,65,148
58,48,58,127
113,113,10
128,128
171,81,92,75,66,77,108,181,19,18,120,201,171,127,128
190,91,76,12,14,173,170,84,31,64,47,190,65,139
200,191,86,28,26,113,105,23,129,213,200,65,149
70,170,31,1,134,16,95,63,87,70,188,241
64,77,81,55,159,23,132,148,64,116,109
37,175,72,17,191,82,131,37,75,128
209,149,228,22,246,103,61,209,175
61,42,93,99,177,22,43,61
127,75,77,181,18,201,127
65,14,170,31,47,65
65,113,23,213,65
188,95,87,188
116,148,116
75,75
