151,34,109,151,141,79,12,19,100,166,175,48,42,35,191
145,37,109,145,94,127,87,42,239,93,58,77,249,248
102,20,113,102,157,98,42,245,173,63,85,126,57
166,138,150,166,224,197,103,1,158,109,119,44
102,171,113,102,145,137,44,30,174,65,48
102,138,102,148,175,95,63,22,50,230
167,18,167,243,81,87,170,43,201
153,108,153,72,91,175,65,213
141,109,141,100,175,42,191
94,109,94,93,77,248
157,113,157,85,57
224,150,224,44
145,113,145
148,148
101,104,101,72,28,85,103,61,14,95,157,150,68,175,118
196,224,196,167,136,139,36,228,48,201,166,93,128,14
169,166,169,174,131,30,91,141,14,148,158,42,116
145,83,145,91,14,98,56,81,55,191,64,63
224,100,224,216,26,57,48,28,173,209,22
145,173,145,44,7,76,48,168,128,88
97,95,97,237,38,63,189,65,98
86,86,87,45,47,145,99,149
72,72,85,61,95,150,175
167,167,139,228,201,93
174,174,30,141,148
91,91,98,81
216,216,57
44,44
214,153,164,214,182,72,104,68,87,14,149,129,44,133,202
83,134,128,83,149,125,82,55,219,42,249,202,24,116
165,139,72,165,157,135,100,68,154,63,98,118,20
159,199,42,159,175,128,77,23,12,68,24,248
86,108,42,86,168,201,81,14,12,116,33
103,171,103,145,98,86,31,224,48,1
169,159,169,127,42,38,102,65,14
99,189,99,175,116,141,69,18
182,164,182,87,149,44,202
149,128,149,42,202,116
157,72,157,98,20
175,42,175,248
168,42,168
145,145
