105,220,118,105,120,43,157,65,175,86,113,12,42,74,160
198,27,133,198,129,145,28,70,86,81,33,18,17,14
140,191,206,140,81,157,174,65,139,18,164,31,93
166,100,61,166,113,145,181,81,87,28,91,47
31,48,43,31,128,243,168,51,83,18,91
91,209,91,109,139,108,75,132,30,18
81,51,81,137,175,113,109,227,18
99,66,99,113,141,191,20,22
120,118,120,175,113,42,160
129,133,129,81,18,14
81,206,81,164,93
113,61,113,47
128,43,128
109,109
97,63,97,218,52,145,2,188,55,171,100,213,19,113,18
106,65,106,116,144,145,230,141,103,47,237,149,1,206
74,44,74,116,142,159,144,30,45,68,237,66,1
74,122,74,126,180,167,155,113,70,138,209,213
31,128,31,133,219,213,164,87,125,38,98
126,42,126,168,144,158,93,216,20,182
108,175,108,158,149,81,135,170,116
136,136,58,23,69,138,217,81
218,218,145,188,171,213,113
116,116,145,141,47,149
116,116,159,30,68
126,126,167,113
133,133,213
168,168
130,233,137,130,95,68,26,221,149,131,240,35,23,71,12
80,57,61,80,129,157,224,247,138,168,22,10,86,195
208,50,81,208,85,42,160,221,74,48,116,19,93
31,58,81,31,126,173,145,98,129,243,185,113
82,66,51,82,116,69,190,53,72,37,22
100,205,100,109,93,20,38,81,24,185
118,217,118,44,149,248,178,61,6
132,209,132,149,109,188,181,14
95,137,95,149,240,23,12
129,61,129,168,10,195
85,81,85,116,93
126,81,126,113
116,51,116
109,109
