111,70,91,100,227,1,164,211,240,83,218,226,68,111,108
166,18,156,100,66,42,134,171,82,195,50,87,166,249
134,63,145,99,232,133,30,247,47,177,81,134,170
158,12,168,91,66,199,89,81,37,195,158,139
145,63,77,65,157,206,74,37,202,145,127
138,7,168,137,224,135,100,40,138,173
211,137,170,141,173,153,182,87,211
132,68,228,18,118,86,171,132
108,227,164,240,218,68,108
249,42,171,195,87,249
170,30,47,81,170
139,81,195,139
127,202,127
173,173
143,54,12,105,93,77,118,66,20,189,47,168,61,143,145
124,2,22,82,14,48,188,173,28,138,95,93,124,126
168,35,12,104,98,176,38,6,118,99,48,168,128
164,35,17,99,10,69,24,213,197,51,164,137
132,26,175,159,68,66,139,95,30,132,127
189,38,99,68,244,137,160,65,189,20
108,17,141,93,197,126,128,135,108
129,31,201,42,12,116,23,129
145,12,93,118,20,47,145
126,22,14,188,28,126
128,12,98,38,128
137,17,10,137
127,175,127
20,20
106,217,87,37,7,168,18,123,85,91,173,39,241,106,134
111,69,31,218,158,20,107,127,154,81,84,61,111,240
107,7,182,99,19,232,109,102,149,70,98,107,139
189,66,173,69,19,123,74,23,31,42,189,109
173,42,81,126,150,206,87,48,113,173,213
240,47,77,171,99,180,243,87,240,51
173,47,216,139,23,108,232,58,173
134,93,48,148,217,175,241,134
134,7,18,85,173,241,134
240,20,127,81,61,240
139,109,149,98,139
109,23,42,109
213,113,213
51,51
