96,18,129,201,149,26,14,156,160,225,128,105,81,96,51
222,108,99,197,48,137,156,20,85,113,102,149,222,68
215,1,127,18,55,170,20,99,137,208,42,215,177
103,30,139,20,49,170,86,25,174,217,103,38
46,63,98,7,68,150,128,48,61,46,38
85,61,137,7,12,149,118,224,85,47
68,148,108,17,24,149,99,138,68
53,160,1,58,170,86,55,53
51,149,14,160,128,81,51
68,137,20,113,149,68
177,20,137,42,177
38,25,217,38
38,61,38
47,47
215,230,23,74,126,158,160,53,99,92,137,129,190,215,61
91,171,157,125,108,6,126,205,137,141,238,249,91,61
49,24,30,209,137,170,44,50,217,128,57,49,47
176,159,47,82,116,157,6,7,109,190,176,69
177,171,170,86,14,58,183,108,240,177,98
177,174,118,23,68,77,109,57,177,149
207,229,86,14,141,81,128,149,207
87,171,72,1,43,60,128,87
61,23,126,160,99,137,61
61,157,108,126,137,61
47,30,137,44,47
69,47,116,69
98,170,98
149,149
49,14,129,66,98,36,7,103,160,76,218,151,141,49,53
86,201,118,5,176,30,160,175,129,116,123,237,86,51
58,170,129,33,22,91,42,225,77,123,63,58,51
63,160,135,66,17,98,86,42,150,237,63,43
100,7,113,1,58,75,139,38,164,100,170
104,28,126,22,38,91,103,52,104,175
63,160,248,240,28,168,118,180,63
177,127,30,47,1,81,175,177
53,98,7,160,218,141,53
51,30,175,116,237,51
51,42,77,63,51
43,42,237,43
170,164,170
175,175
