13,92,77,55,109,225,197,13,1,153,159,126,127,195,141
183,232,99,53,170,205,61,183,7,68,102,118,72,160
106,72,148,131,51,55,61,106,69,217,94,213,12
89,82,123,148,70,98,89,23,51,158,128,218
18,228,126,209,227,18,93,160,157,191,158
28,82,191,48,28,20,1,98,168,5
12,79,221,58,12,20,95,166,28
1,209,51,45,1,93,157,20
1,77,109,197,1,127,141
7,99,170,61,7,160
69,148,51,61,69
23,148,98,23
93,227,93
20,20
235,104,227,48,28,235,20,211,157,103,139,238,175,66,237
214,99,190,55,214,95,200,70,31,141,168,133,145,108
24,221,48,14,24,85,169,167,158,126,102,217,155
27,91,119,38,27,218,143,241,158,77,166,22
12,77,70,63,12,128,144,42,167,108,160
11,68,58,65,11,116,70,99,175,1
31,171,93,95,31,168,157,134,152
28,98,51,28,63,170,113,85
20,227,20,157,139,175,237
95,95,70,141,133,108
85,85,167,126,217
218,218,241,77
128,128,42
116,116
233,83,23,140,209,33,55,233,1,168,82,138,113,27,60
245,97,99,70,1,50,28,245,79,69,103,109,6,22
80,173,44,106,127,19,42,80,23,18,77,108,168
71,100,126,118,17,47,71,81,22,164,160,28
24,86,108,69,175,24,94,25,160,128,170
72,171,58,70,72,126,148,98,134,181
16,98,129,6,16,44,38,118,240
19,86,61,207,19,137,135,170
1,23,209,55,1,113,60
79,99,1,28,79,22
23,44,127,42,23
81,118,47,81
94,175,94
126,126
