111,38,7,102,168,119,137,8,224,111,135,100,40,138,173
126,28,137,74,170,37,141,12,173,126,153,182,87,211
138,70,161,68,103,228,17,18,138,118,86,171,132
211,70,91,100,227,1,164,211,240,218,68,108
134,18,156,100,66,42,134,171,195,87,249
133,63,145,99,232,133,30,47,81,170
199,12,168,91,66,199,81,195,139
206,63,77,65,157,206,202,127
135,7,168,137,224,135,173
153,137,170,141,173,153
118,68,228,18,118
240,227,164,240
171,42,171
30,30
59,35,17,99,10,69,24,59,213,158,197,46,51,164,137
222,26,175,159,68,66,222,139,142,95,229,30,132,127
229,38,99,68,244,229,137,89,160,82,65,189,20
132,17,141,93,197,132,126,173,128,65,135,108
195,31,201,42,12,195,116,158,23,103,129
189,12,93,118,20,189,47,168,61,145
138,22,14,188,28,138,95,93,126
118,12,98,38,118,99,48,128
213,17,10,213,197,51,137
139,175,139,95,30,127
137,137,160,65,20
126,126,128,135
116,116,23
47,47
128,26,47,144,77,31,171,169,99,128,180,243,87,240,51
117,37,47,103,216,187,139,17,23,117,108,232,58,173
136,28,156,93,49,48,17,148,136,217,175,241,134
123,217,87,37,7,168,18,123,85,173,241,134
107,69,31,218,158,20,107,127,81,61,240
232,7,182,99,19,232,109,149,98,139
123,66,173,69,19,123,23,42,109
206,42,81,126,150,206,113,213
180,47,77,171,99,180,51
108,47,216,139,23,108
217,93,48,148,217
85,7,18,85
127,20,127
109,109
