165,138,87,148,69,150,54,30,103,137,155,128,165,109,22
185,239,91,171,137,6,47,119,81,230,128,185,72,202
89,129,92,45,37,95,31,38,173,170,89,201,25
103,141,228,48,66,190,30,156,65,103,81,127
103,108,28,38,19,86,119,40,103,149,109
81,160,135,44,30,126,129,81,164,113
246,170,181,44,30,77,173,246,150
98,139,81,173,191,70,134,98
109,148,150,30,137,128,109
72,137,47,81,128,72
201,95,38,170,201
81,30,65,81
149,40,149
164,164
111,144,116,62,99,161,70,37,48,133,158,111,91,242,20
117,161,171,76,38,205,65,19,72,137,117,6,26,237
21,146,51,185,241,145,66,133,128,21,197,24,25
31,141,42,66,244,6,77,116,31,25,22,43
31,168,91,38,23,77,173,31,75,134,51
76,244,75,157,68,42,141,76,20,109
74,157,72,38,48,98,175,74,18
98,109,7,65,213,116,98,108
91,116,99,70,48,91,20
6,171,38,65,6,237
197,51,241,197,25
25,42,25,43
75,75,51
20,20
82,171,14,175,49,160,54,118,41,65,153,157,82,70,129
26,164,74,159,113,24,217,54,63,106,128,26,157,120
28,129,99,167,58,44,49,171,107,109,28,221,134
28,139,86,171,68,207,95,150,30,28,87,113
82,87,86,164,17,70,108,95,82,72,7
6,149,95,159,47,65,167,6,127,128
85,160,248,164,69,65,157,85,42
100,191,221,63,66,64,141,100
70,175,160,118,65,157,70
157,113,217,63,128,157
221,44,171,109,221
87,95,30,87
72,95,72
127,127
