117,26,12,200,168,117,91,66,199,89,81,37,195,158,139
177,1,63,243,77,177,65,157,206,74,37,202,145,127
119,38,7,102,168,119,137,224,135,100,40,138,173
37,28,137,74,170,37,141,173,153,182,87,211
103,70,161,68,103,228,18,118,86,171,132
100,70,91,100,227,164,240,218,68,108
100,18,156,100,42,171,195,87,249
99,63,145,99,30,47,81,170
91,12,168,91,81,195,139
65,63,77,65,202,127
137,7,168,137,173
141,137,170,141
228,68,228
227,227
198,38,99,198,68,19,244,229,137,89,160,82,65,189,20
62,17,141,62,93,29,197,132,126,173,128,65,135,108
186,31,201,186,42,29,12,195,116,158,23,103,129
77,12,93,77,118,66,20,189,47,168,61,145
48,22,14,48,188,173,28,138,95,93,126
176,12,98,176,38,6,118,99,48,128
69,17,10,69,24,213,197,51,137
68,175,68,66,139,95,30,127
68,68,244,137,160,65,20
93,93,197,126,128,135
42,42,12,116,23
118,118,20,47
188,188,28
38,38
111,193,66,142,173,111,69,19,123,74,23,31,42,189,109
117,204,42,31,81,117,126,150,206,87,48,113,173,213
31,26,47,144,77,31,171,99,180,243,87,240,51
187,37,47,103,216,187,139,23,108,232,58,173
49,28,156,93,49,48,148,217,175,241,134
37,217,87,37,7,18,85,173,241,134
218,69,31,218,20,127,81,61,240
99,7,182,99,109,149,98,139
69,66,173,69,23,42,109
126,42,81,126,113,213
171,47,77,171,51
139,47,216,139
48,93,48
7,7
