73,6,61,74,137,27,7,162,12,73,149,118,224,85,47
151,146,148,74,108,27,17,142,24,151,149,99,138,68
105,31,140,160,6,1,50,58,105,170,86,55,53
156,18,129,201,149,26,14,156,160,128,81,51
156,108,99,197,48,137,156,20,113,149,68
170,1,127,18,55,170,20,137,42,177
170,30,139,20,49,170,25,217,38
150,63,98,7,68,150,61,38
149,61,137,7,12,149,47
149,148,108,17,24,149
170,160,1,58,170
160,149,14,160
20,137,20
20,20
223,159,47,82,116,157,6,223,7,198,109,158,190,176,69
83,171,170,86,14,58,83,183,82,108,159,240,177,98
82,174,118,23,68,82,77,232,109,55,57,177,149
104,229,86,14,141,104,81,133,128,37,149,207
103,171,72,1,43,103,60,132,128,157,87
92,23,126,160,99,92,137,129,190,61
141,157,108,126,137,141,238,249,61
217,30,137,44,217,128,57,47
7,47,116,7,109,190,69
183,170,183,108,240,98
77,77,109,57,149
81,81,128,149
60,60,128
137,137
111,171,28,71,126,153,22,55,38,111,91,103,52,104,175
210,181,160,98,248,24,240,26,28,210,168,118,180,63
83,173,103,127,158,30,26,47,83,1,81,175,177
103,14,129,66,98,36,7,103,160,218,141,53
160,201,118,5,176,30,160,175,116,237,51
91,170,129,33,22,91,42,77,63,51
98,160,135,66,17,98,42,237,43
75,7,113,1,58,75,164,170
91,28,126,22,38,91,175
168,160,248,240,28,168
1,127,30,47,1
160,98,7,160
175,30,175
42,42
