186,24,94,157,148,230,91,123,66,140,17,186,57,103,195
236,228,70,93,168,221,167,175,19,245,236,109,38,135
199,141,173,19,164,27,170,26,82,199,149,63,139
38,72,202,23,166,227,102,20,38,44,77,128
239,168,145,6,102,26,1,239,118,63,139
55,238,240,133,134,12,55,141,93,127
217,87,65,1,168,133,217,61,20
195,77,91,127,108,18,195,93
57,94,148,91,66,17,57
109,93,221,175,245,109
149,164,170,82,149
44,227,20,44
118,1,118
141,141
53,11,72,80,95,101,18,134,91,53,63,140,58,166,160
190,169,95,87,227,22,241,23,190,118,48,65,158,148
62,6,48,76,7,164,228,62,37,64,58,173,127
108,201,100,66,170,202,108,47,187,113,199,10
120,1,98,237,240,93,120,126,68,128,133
48,20,164,23,213,25,48,95,241,146
207,18,63,77,149,192,207,138,160
120,91,82,22,42,120,68,116
63,72,95,18,63,58,160
118,95,227,118,65,148
37,48,37,58,127
47,47,113,10
126,126,128
95,95
111,171,42,229,93,12,99,169,177,124,22,111,43,61,127
120,81,92,75,66,77,108,181,19,18,120,201,127,128
64,91,76,12,14,173,170,84,31,64,47,65,139
129,191,86,28,26,113,105,23,129,213,65,149
63,170,31,1,134,16,95,63,87,188,241
132,77,81,55,159,23,132,148,116,109
131,175,72,17,191,82,131,75,128
61,149,228,22,246,103,61,175
43,42,93,99,177,22,43
201,75,77,181,18,201
47,14,170,31,47
213,113,23,213
87,95,87
148,148
