16,81,51,68,164,23,141,91,237,114,113,54,42,16,239
219,218,173,69,138,141,31,94,107,72,22,23,219,238
7,199,170,42,109,81,30,108,160,145,181,7,137
17,81,61,51,126,138,132,95,115,164,17,30
207,30,109,47,139,86,72,171,113,207,122
24,85,249,1,14,134,74,37,24,170
188,227,170,42,113,98,228,217,188
197,137,160,20,126,238,181,197
239,164,141,237,113,42,239
238,141,94,72,23,238
137,30,160,181,137
30,95,164,30
122,113,122
170,170
163,36,227,37,145,66,30,139,150,99,164,128,167,163,118
117,78,108,102,58,17,38,120,69,103,86,168,117,209
242,59,63,189,47,50,77,6,191,128,167,242,30
66,58,141,180,157,20,108,139,95,158,66,30
22,190,170,249,70,128,127,65,145,22,20
1,190,180,58,109,98,75,168,1,116
12,82,158,58,150,81,68,61,12
66,46,167,12,241,217,38,66
118,227,145,30,150,164,118
209,108,58,38,69,209
30,63,47,77,30
30,141,157,30
20,170,20
116,116
165,85,166,63,95,1,77,131,109,89,86,102,145,165,157
193,77,145,66,12,227,228,127,86,81,144,51,193,25
236,66,145,28,12,78,61,140,227,158,69,236,141
17,141,247,22,188,99,83,128,6,182,17,139
14,87,240,42,129,86,76,168,175,14,108
1,149,164,58,160,201,118,153,1,148
25,116,160,42,10,109,98,170,25
239,148,240,30,127,99,243,239
157,95,77,109,86,145,157
25,227,127,81,51,25
141,61,227,69,141
139,128,182,139
108,175,108
148,148
