117,171,160,94,135,37,44,117,30,126,129,81,164,216,113
176,158,170,72,181,6,44,176,30,77,173,246,195,150
11,14,139,72,81,226,173,11,191,70,134,98,25
54,138,87,148,69,150,54,30,137,128,109,22
6,239,91,171,137,6,47,81,128,72,202
37,129,92,45,37,95,38,170,201,25
66,141,228,48,66,30,65,81,127
19,108,28,38,19,40,149,109
30,160,135,44,30,164,113
30,170,181,44,30,150
191,139,81,173,191
30,148,150,30
47,137,47
95,95
111,141,42,66,244,111,6,123,77,133,116,31,25,22,43
220,168,91,38,220,23,106,77,166,173,31,75,134,51
229,244,75,157,229,68,187,42,167,141,76,20,109
115,157,72,38,115,48,140,98,154,175,74,18
25,109,7,65,25,213,91,116,156,98,108
37,116,99,70,37,48,133,158,91,20
19,171,38,65,19,72,137,6,237
66,51,241,66,133,128,197,25
6,42,6,77,116,25,43
23,23,77,173,75,51
68,68,42,141,20
48,48,98,175
213,213,116
48,48
35,115,149,27,95,165,159,35,47,65,167,6,127,22,128
64,134,160,7,248,102,164,64,69,65,157,85,114,42
15,171,191,185,221,169,63,15,66,64,141,100,28
54,171,14,175,49,160,54,118,65,157,70,129
24,164,74,159,113,24,217,63,128,157,120
58,129,99,167,58,44,171,109,221,134
68,139,86,171,68,95,30,87,113
17,87,86,164,17,95,72,7
47,149,95,159,47,127,128
69,160,248,164,69,42
66,191,221,63,66
118,175,160,118
217,113,217
44,44
