9,138,150,166,224,19,197,50,103,9,1,158,109,119,44
54,171,113,102,145,131,137,37,44,54,30,174,65,48
219,138,102,148,24,175,222,95,219,63,22,50,230
53,18,167,133,243,48,81,53,87,170,43,201
22,108,153,28,242,72,22,91,175,65,213
19,109,141,79,12,19,100,175,42,191
42,109,94,127,87,42,93,77,248
245,113,157,98,42,245,85,57
1,150,224,197,103,1,44
30,113,145,137,44,30
63,148,175,95,63
87,243,81,87
91,72,91
100,100
54,167,173,145,44,7,76,54,48,236,168,55,128,219,88
15,171,95,97,237,38,15,63,22,189,134,65,118,98
32,167,86,87,45,32,47,17,145,134,99,205,149
14,104,72,85,61,14,95,157,150,68,175,118
48,224,167,139,228,48,201,166,93,128,14
14,166,174,30,141,14,148,158,42,116
55,83,91,98,81,55,191,64,63
28,100,216,57,28,173,209,22
48,173,44,48,168,128,88
63,95,63,189,65,98
47,47,145,99,149
95,95,150,175
201,201,93
148,148
19,199,42,159,175,236,128,196,77,19,23,12,68,24,248
225,108,42,86,168,112,201,103,81,225,14,12,116,33
27,171,103,145,132,98,177,86,27,31,224,48,1
37,159,169,195,127,74,42,37,38,102,65,14
222,189,99,129,82,175,222,116,141,69,18
68,164,182,72,104,68,87,149,44,202
55,128,149,125,82,55,42,202,116
68,72,157,135,100,68,98,20
23,42,175,128,77,23,248
14,42,168,201,81,14
31,145,98,86,31
38,127,42,38
116,175,116
87,87
