165,230,149,83,170,29,23,165,99,1,218,48,213,142,128
158,10,202,159,175,19,113,158,93,245,207,51,189,148
159,202,171,103,88,140,237,159,191,28,69,55,219
225,242,157,44,188,202,225,98,218,14,51,171
224,91,80,233,118,224,148,42,63,58,168
145,232,72,134,145,81,170,20,240,171
103,14,100,133,103,81,7,195,232
168,237,141,22,168,227,113,118
99,149,170,23,99,213,128
93,202,175,113,93,148
191,171,88,237,191
98,44,202,98
148,118,148
81,81
71,242,109,100,14,71,241,19,48,26,209,249,139,215,164
102,19,164,6,102,170,220,61,198,109,123,126,232,128
72,218,91,238,72,141,46,171,49,5,189,129,37
195,23,141,139,195,247,36,58,1,135,133,171
86,209,77,248,86,164,28,160,63,126,51
72,75,77,5,72,149,69,51,127,202
173,100,72,137,173,40,61,164,116
81,95,75,81,65,191,240,42
241,109,241,48,209,139,164
170,170,61,109,126,128
141,141,171,5,129
247,247,58,135
164,164,160
149,149
144,103,160,158,92,106,197,144,87,70,19,145,63,153,109
166,94,81,104,98,134,116,166,87,44,18,232,247,113
162,241,94,102,93,129,122,162,157,44,171,167,169
31,10,168,93,107,177,31,77,20,69,175,113
222,82,74,14,109,222,72,47,43,232,146
91,30,173,138,91,164,227,70,129,139
167,221,31,129,167,91,65,175,170
77,116,170,134,77,40,68,137
87,160,92,197,87,63,109
87,81,98,116,87,113
157,94,93,122,157
77,93,177,77
72,109,72
164,164
