17,37,109,145,94,17,127,87,42,239,93,58,77,249,248
185,20,113,102,157,185,98,42,245,173,63,85,126,57
19,138,150,166,224,19,197,103,1,158,109,119,44
131,171,113,102,145,131,137,44,30,174,65,48
24,138,102,148,24,175,95,63,22,50,230
133,18,167,133,243,81,87,170,43,201
28,108,153,28,72,91,175,65,213
79,109,141,79,100,175,42,191
127,109,94,127,93,77,248
98,113,157,98,85,57
197,150,224,197,44
137,113,145,137
175,148,175
243,243
34,167,86,34,87,37,45,32,47,17,145,134,99,205,149
28,104,72,28,85,103,61,14,95,157,150,68,175,118
136,224,167,136,139,36,228,48,201,166,93,128,14
131,166,174,131,30,91,141,14,148,158,42,116
14,83,91,14,98,56,81,55,191,64,63
26,100,216,26,57,48,28,173,209,22
7,173,44,7,76,48,168,128,88
237,95,237,38,63,189,65,98
87,87,45,47,145,99,149
85,85,61,95,150,175
139,139,228,201,93
30,30,141,148
98,98,81
57,57
233,134,128,83,149,233,125,82,55,219,42,249,202,24,116
2,139,72,165,157,2,135,100,68,154,63,98,118,20
236,199,42,159,175,236,128,77,23,12,68,24,248
112,108,42,86,168,112,201,81,14,12,116,33
132,171,103,145,132,98,86,31,224,48,1
195,159,169,195,127,42,38,102,65,14
129,189,99,129,175,116,141,69,18
72,164,182,72,87,149,44,202
125,128,149,125,42,202,116
135,72,157,135,98,20
128,42,175,128,248
201,42,168,201
98,145,98
127,127
