117,202,171,103,88,140,237,159,191,50,28,117,69,55,219
39,242,157,44,188,202,225,98,230,218,39,14,51,171
176,91,80,233,118,224,148,19,42,176,63,58,168
58,232,72,134,145,81,57,170,58,20,240,171
38,14,100,133,103,27,81,38,7,195,232
48,237,141,22,168,6,48,227,113,118
218,149,170,23,99,1,218,213,128
207,202,175,113,93,245,207,148
69,171,88,237,191,28,69
14,44,202,98,218,14
63,118,148,42,63
20,81,170,20
7,81,7
227,227
24,249,100,86,72,127,137,173,40,24,61,132,164,144,116
35,17,95,158,75,133,81,65,35,191,142,240,226,42
26,242,109,100,14,241,48,26,209,249,139,215,164
198,19,164,6,170,61,198,109,123,126,232,128
49,218,91,238,141,171,49,5,189,129,37
1,23,141,139,247,58,1,135,133,171
63,209,77,248,164,160,63,126,51
51,75,77,5,149,51,127,202
61,100,72,137,61,164,116
191,95,75,191,240,42
209,109,209,139,164
109,109,126,128
5,5,129
135,135
19,241,94,102,93,129,122,162,157,12,44,19,171,167,169
6,10,168,93,107,177,31,77,7,20,6,69,175,113
26,82,74,14,109,222,72,230,47,26,43,232,146
62,30,173,138,91,164,46,227,62,70,129,139
70,221,31,129,167,61,91,70,65,175,170
22,116,170,134,77,7,22,40,68,137
19,160,92,197,87,70,19,63,109
18,81,98,116,87,44,18,113
171,94,93,122,157,44,171
69,93,177,77,20,69
43,109,72,47,43
70,164,227,70
65,91,65
40,40
