165,38,48,82,95,123,99,28,227,103,149,11,42,165,126
111,61,100,91,205,44,46,65,158,72,39,1,111,167
224,85,69,98,139,201,42,27,149,34,22,224,108
106,202,69,86,12,33,144,145,24,209,106,173
159,51,217,99,133,48,155,1,7,159,141
166,201,47,191,133,22,156,12,166,141
128,148,164,81,25,209,160,201,128
159,240,77,116,104,173,48,159
126,95,99,227,149,42,126
167,44,65,72,1,167
108,42,149,22,108
173,145,209,173
141,7,141
141,141
233,179,221,104,57,230,30,133,10,69,160,91,20,233,195
180,84,197,71,81,76,20,12,149,66,72,65,180,109
168,54,42,207,141,72,7,17,6,226,68,168,139
106,61,148,171,152,126,23,65,241,81,106,175
102,91,181,202,108,7,20,141,47,102,109
145,103,177,91,127,63,72,99,145,137
166,190,89,82,133,22,75,137,166
133,77,51,6,20,47,30,133
195,221,57,30,10,160,195
109,197,81,20,149,109
139,42,141,7,139
175,148,152,175
109,181,109
137,137
111,48,87,31,93,130,164,24,238,161,224,54,27,111,102
200,202,241,86,129,150,55,23,103,99,34,14,200,160
166,58,50,191,1,24,20,76,93,8,65,166,109
158,185,241,91,129,7,155,139,230,159,158,166
159,109,202,128,5,63,100,12,44,159,25
154,145,93,128,195,1,85,12,154,164
155,113,51,108,131,43,95,28,155
126,51,227,139,201,141,28,126
102,93,164,238,224,27,102
160,150,23,99,14,160
109,20,93,65,109
166,139,159,166
25,44,25
164,164
