220,57,175,126,118,31,14,142,141,220,228,69,108,86,10
2,38,139,233,118,215,93,144,58,2,207,48,168,19
80,50,24,44,89,30,166,191,80,81,47,237,14
97,145,12,100,116,157,135,97,42,150,118,14
74,229,22,6,158,164,74,68,63,139,69
74,47,7,28,45,74,81,164,139,23
100,61,22,31,69,100,126,139,47
100,108,133,22,238,100,148,135
228,175,118,14,141,228,10
207,139,118,93,58,207
81,44,30,191,81
42,116,135,42
68,164,68
81,81
39,160,109,120,93,197,166,39,63,212,217,132,157,18,98
103,57,227,206,74,38,103,207,168,68,194,108,19,12
130,168,118,100,68,130,38,37,43,225,116,17,148
215,153,22,20,170,215,44,167,128,117,113,86
36,65,209,77,44,36,23,167,116,126,201
89,133,1,72,149,89,44,204,120,87
46,58,7,218,141,46,70,173,100
58,202,237,152,58,48,127,19
63,109,93,63,217,157,98
207,227,207,68,108,12
38,38,43,116,148
44,44,128,113
23,23,116
44,44
212,146,98,138,51,103,18,174,170,212,68,48,133,187,95
82,127,30,28,7,11,201,194,118,82,85,42,164,83
76,68,18,98,183,22,159,25,76,81,44,118,79
100,160,29,32,28,206,61,100,241,48,170,26
31,108,131,19,58,113,31,93,241,141,12
187,108,129,218,173,187,170,57,139,18
81,108,134,23,141,81,61,118,30
91,128,109,31,125,91,116,201
68,98,51,18,170,68,95
85,30,7,201,118,85
81,98,22,25,81
241,28,61,241
93,113,93
170,170
