101,51,81,159,137,166,175,70,113,80,109,169,227,101,18
34,66,99,38,166,113,228,141,189,191,176,20,34,22
74,118,120,43,157,65,175,86,113,12,42,74,160
17,133,129,145,28,70,86,81,33,18,17,14
31,206,81,157,174,65,139,18,164,31,93
91,61,113,145,181,81,87,28,91,47
91,43,128,243,168,51,83,18,91
18,109,139,108,75,132,30,18
18,137,175,113,109,227,18
22,113,141,191,20,22
160,175,113,42,160
14,81,18,14
93,164,93
47,47
203,100,44,74,116,142,159,144,30,45,68,237,66,203,1
19,48,122,74,126,180,167,155,113,70,138,209,19,213
19,55,128,31,133,219,213,164,87,125,38,19,98
66,69,42,126,168,144,158,93,216,20,66,182
201,37,175,108,158,149,81,135,170,201,116
83,70,136,58,23,69,138,217,83,81
18,63,218,145,188,171,213,113,18
206,65,116,145,141,47,149,206
1,44,116,159,30,68,1
213,122,126,167,113,213
98,128,133,213,98
182,42,168,182
116,175,116
81,81
26,217,118,158,44,154,149,100,248,132,178,12,61,26,6
6,209,132,51,166,149,82,109,74,188,201,181,6,14
71,137,95,68,26,221,149,131,240,35,23,71,12
86,61,129,157,224,247,138,168,22,10,86,195
19,81,85,42,160,221,74,48,116,19,93
185,81,126,173,145,98,129,243,185,113
22,51,116,69,190,53,72,37,22
185,109,93,20,38,81,24,185
6,44,149,248,178,61,6
14,149,109,188,181,14
12,149,240,23,12
195,168,10,195
93,116,93
113,113
