62,166,63,103,98,154,7,62,68,150,128,48,61,46,38
162,6,61,74,137,27,7,162,12,149,118,224,85,47
142,146,148,74,108,27,17,142,24,149,99,138,68
50,31,140,160,6,1,50,58,170,86,55,53
26,18,129,201,149,26,14,160,128,81,51
48,108,99,197,48,137,20,113,149,68
55,1,127,18,55,20,137,42,177
49,30,139,20,49,25,217,38
68,63,98,7,68,61,38
12,61,137,7,12,47
24,148,108,17,24
58,160,1,58
14,149,14
137,137
236,171,170,86,14,236,58,83,183,82,108,159,240,177,98
36,174,118,23,36,68,82,77,232,109,55,57,177,149
212,229,86,14,212,141,104,81,133,128,37,149,207
58,171,72,1,58,43,103,60,132,128,157,87
53,23,126,160,53,99,92,137,129,190,61
205,157,108,126,205,137,141,238,249,61
50,30,137,44,50,217,128,57,47
6,47,116,6,7,109,190,69
58,170,58,183,108,240,98
68,68,77,109,57,149
141,141,81,128,149
43,43,60,128
99,99,137
137,137
235,181,7,115,113,28,1,235,58,75,139,38,164,100,170
55,171,28,71,126,153,22,55,38,91,103,52,104,175
26,181,160,98,248,24,240,26,28,168,118,180,63
26,173,103,127,158,30,26,47,1,81,175,177
36,14,129,66,98,36,7,160,218,141,53
176,201,118,5,176,30,175,116,237,51
22,170,129,33,22,42,77,63,51
17,160,135,66,17,42,237,43
58,7,113,1,58,164,170
38,28,126,22,38,175
28,160,248,240,28
47,127,30,47
7,98,7
30,30
