198,1,156,171,44,232,38,103,95,208,126,29,213,198,139
140,20,22,48,197,113,218,93,119,199,16,170,140,108
131,137,206,60,7,159,95,48,47,102,85,131,116
123,170,146,69,20,87,70,95,102,88,123,149
138,108,175,55,1,87,207,12,227,138,60
134,82,28,173,12,72,118,66,134,81
102,118,160,141,218,74,133,12,102
118,92,42,25,91,127,149,118
139,44,38,95,126,213,139
108,113,93,199,170,108
116,95,47,85,116
149,95,88,149
60,227,60
81,81
162,171,205,19,149,70,43,134,221,76,175,48,174,162,145
114,211,72,159,98,230,47,12,81,83,133,28,114,191
244,145,77,66,68,64,137,28,100,207,173,244,133
138,19,245,28,100,134,135,105,38,145,138,113
138,243,81,164,55,135,100,51,30,138,47
157,241,164,58,118,98,109,175,157,93
164,97,100,65,137,87,221,95,164
129,79,197,65,109,82,44,129
145,205,149,43,221,175,145
191,72,98,47,81,191
133,77,68,137,133
113,245,100,113
47,81,47
93,93
189,183,145,241,149,27,126,74,221,48,69,200,20,189,133
167,87,175,53,215,47,101,128,126,65,1,69,167,133
133,228,173,176,14,31,93,70,81,33,201,133,139
102,14,28,108,19,88,63,148,16,202,102,175
134,81,149,58,119,74,48,205,109,134,139
131,99,177,42,202,86,69,12,131,81
189,175,160,47,128,77,43,173,189
139,175,95,213,81,58,14,139
133,149,126,221,69,20,133
133,47,128,65,69,133
139,93,81,201,139
175,148,202,175
139,109,139
81,81
