230,20,113,102,157,185,98,230,42,245,173,63,85,126,57
50,138,150,166,224,19,197,50,103,1,158,109,119,44
37,171,113,102,145,131,137,37,44,30,174,65,48
222,138,102,148,24,175,222,95,63,22,50,230
48,18,167,133,243,48,81,87,170,43,201
242,108,153,28,242,72,91,175,65,213
12,109,141,79,12,100,175,42,191
87,109,94,127,87,93,77,248
42,113,157,98,42,85,57
103,150,224,197,103,44
44,113,145,137,44
95,148,175,95
81,243,81
72,72
215,171,95,97,237,215,38,15,63,22,189,134,65,118,98
37,167,86,87,37,45,32,47,17,145,134,99,205,149
103,104,72,85,103,61,14,95,157,150,68,175,118
36,224,167,139,36,228,48,201,166,93,128,14
91,166,174,30,91,141,14,148,158,42,116
56,83,91,98,56,81,55,191,64,63
48,100,216,57,48,28,173,209,22
76,173,44,76,48,168,128,88
38,95,38,63,189,65,98
45,45,47,145,99,149
61,61,95,150,175
228,228,201,93
141,141,148
81,81
233,139,72,165,157,2,135,233,100,68,154,63,98,118,20
196,199,42,159,175,236,128,196,77,23,12,68,24,248
103,108,42,86,168,112,201,103,81,14,12,116,33
177,171,103,145,132,98,177,86,31,224,48,1
74,159,169,195,127,74,42,38,102,65,14
82,189,99,129,82,175,116,141,69,18
104,164,182,72,104,87,149,44,202
82,128,149,125,82,42,202,116
100,72,157,135,100,98,20
77,42,175,128,77,248
81,42,168,201,81
86,145,98,86
42,127,42
175,175
