186,191,128,239,213,72,148,31,129,212,217,186,125,218,38
226,14,187,108,31,164,102,139,19,177,226,134,7,70
207,7,173,167,175,102,109,24,206,207,195,247,48
225,98,32,170,224,116,19,109,225,126,138,68
58,99,240,168,157,71,139,58,69,22,68
138,95,197,149,134,1,138,175,126,48
126,248,7,77,139,100,126,149,69
132,116,30,58,224,177,132,61
125,128,213,148,129,217,125
134,108,164,139,177,134
195,175,109,206,195
126,116,109,126
69,139,69
175,175
3,26,201,24,47,225,42,141,77,3,126,140,23,153,57
196,82,99,168,137,31,128,245,196,25,126,7,70,48
136,74,164,166,86,139,239,136,108,11,10,37,240
178,103,6,82,133,81,178,127,24,75,48,149
114,74,170,82,118,20,114,109,233,30,58
19,31,141,38,68,30,19,45,108,70
133,213,182,47,139,128,133,28,149
205,229,28,175,42,205,133,176
126,201,47,42,126,23,57
25,99,137,25,7,48
108,164,108,10,240
127,127,75,149
109,109,30
45,45
129,22,171,28,30,168,43,154,137,80,93,129,38,199,70
231,86,18,109,228,61,156,149,79,63,231,128,25,48
107,20,170,81,42,125,160,16,30,107,65,109,70
138,217,50,95,153,44,5,42,138,69,116,171
33,20,160,157,166,77,164,33,40,139,51
14,40,197,77,148,87,14,175,65,70
190,68,65,221,170,245,190,137,118
108,61,25,98,137,18,108,116
38,171,30,43,137,93,38
128,109,61,149,63,128
65,42,160,30,65
69,44,42,69
40,164,40
175,175
