39,209,118,155,160,48,141,35,218,142,74,39,133,12,102
190,197,157,92,68,42,24,25,87,91,190,127,149,118
208,1,156,171,44,232,38,103,95,208,126,213,139
119,20,22,48,197,113,218,93,119,199,170,108
48,137,206,60,7,159,95,48,47,85,116
70,170,146,69,20,87,70,95,88,149
207,108,175,55,1,87,207,227,60
118,82,28,173,12,72,118,81
133,118,160,141,218,74,133
127,92,42,25,91,127
126,44,38,95,126
199,113,93,199
47,95,47
95,95
50,145,77,66,68,64,137,28,100,50,207,236,173,244,133
129,19,245,28,100,134,135,105,129,38,155,145,138,113
198,243,81,164,55,135,100,198,51,7,30,138,47
106,241,164,58,118,98,106,109,146,175,157,93
133,97,100,65,137,87,133,221,170,95,164
48,79,197,65,109,82,48,44,167,129
48,205,149,43,221,175,48,174,145
133,72,98,47,81,133,28,191
207,77,68,137,207,173,133
38,245,100,38,145,113
51,81,51,30,47
109,109,175,93
221,221,95
44,44
107,103,175,6,160,229,47,233,128,9,77,107,43,173,189
140,104,229,175,50,95,188,213,84,81,140,58,14,139
48,183,145,241,149,27,126,74,221,48,69,20,133
126,87,175,53,215,47,101,128,126,65,69,133
70,228,173,176,14,31,93,70,81,201,139
63,14,28,108,19,88,63,148,202,175
48,81,149,58,119,74,48,109,139
69,99,177,42,202,86,69,81
43,175,160,47,128,77,43
58,175,95,213,81,58
69,149,126,221,69
65,47,128,65
81,93,81
148,148
