62,27,133,198,129,62,145,28,70,86,81,33,18,17,14
236,191,206,140,81,236,157,174,65,139,18,164,31,93
180,100,61,166,113,180,145,181,81,87,28,91,47
159,48,43,31,128,159,243,168,51,83,18,91
171,209,91,109,171,139,108,75,132,30,18
159,51,81,159,137,175,113,109,227,18
38,66,99,38,113,141,191,20,22
43,118,120,43,175,113,42,160
145,133,129,145,81,18,14
157,206,81,157,164,93
145,61,113,145,47
243,43,128,243
139,109,139
137,137
173,70,136,173,58,13,23,103,69,140,138,29,217,83,81
52,63,218,52,145,2,188,55,171,100,213,19,113,18
144,65,116,144,145,230,141,103,47,237,149,1,206
142,44,116,142,159,144,30,45,68,237,66,1
180,122,126,180,167,155,113,70,138,209,213
219,128,133,219,213,164,87,125,38,98
144,42,168,144,158,93,216,20,182
158,175,158,149,81,135,170,116
58,58,23,69,138,217,81
145,145,188,171,213,113
145,145,141,47,149
159,159,30,68
167,167,113
213,213
55,57,61,80,129,55,157,224,247,138,168,22,10,86,195
142,50,81,208,85,142,42,160,221,74,48,116,19,93
144,58,81,31,126,144,173,145,98,129,243,185,113
167,66,51,82,116,167,69,190,53,72,37,22
173,205,100,109,173,93,20,38,81,24,185
158,217,118,158,44,149,248,178,61,6
51,209,132,51,149,109,188,181,14
68,137,95,68,149,240,23,12
157,61,129,157,168,10,195
42,81,85,42,116,93
173,81,126,173,113
69,51,116,69
93,109,93
44,44
