15,145,12,100,116,157,135,97,42,102,150,140,118,15,14
11,229,22,6,158,164,74,68,226,63,131,139,11,69
64,47,7,28,45,74,81,53,164,158,139,64,23
185,61,22,31,69,100,60,126,158,139,185,47
229,108,133,22,238,100,58,224,148,229,135
86,175,118,14,141,228,69,108,86,10
19,139,118,93,58,207,48,168,19
14,44,30,191,81,47,237,14
14,116,135,42,150,118,14
69,164,68,63,139,69
23,81,164,139,23
47,126,139,47
135,148,135
10,10
196,238,133,17,1,82,72,217,149,89,44,204,120,196,87
101,169,58,129,7,74,218,166,141,46,70,173,101,100
35,128,202,17,237,103,152,157,58,48,127,35,19
18,160,109,120,93,197,166,63,217,157,18,98
19,57,227,206,74,38,207,68,108,19,12
17,168,118,100,68,38,43,116,17,148
86,153,22,20,170,44,128,113,86
201,65,209,77,44,23,116,201
87,133,1,72,149,44,87
100,58,7,218,141,100
19,202,237,152,19
98,109,93,98
12,227,12
148,148
35,160,29,32,28,206,61,100,241,157,48,129,170,35,26
35,108,131,19,58,113,31,93,174,241,166,141,35,12
12,108,129,218,173,187,170,70,57,102,139,12,18
104,108,134,23,141,81,233,61,102,118,104,30
24,128,109,31,125,91,157,107,116,24,201
187,98,51,18,170,68,48,133,187,95
83,30,7,201,118,85,42,164,83
79,98,22,25,81,44,118,79
26,28,61,241,48,170,26
12,113,93,241,141,12
18,170,57,139,18
30,61,118,30
201,116,201
95,95
