52,228,158,47,12,160,212,113,138,98,188,127,52,57,218
2,126,173,28,44,72,42,169,221,212,127,2,1,38
2,109,153,1,100,113,168,160,66,128,2,237,217
55,149,58,20,89,76,170,28,99,55,83,116
66,209,69,246,82,89,138,30,66,197,248
226,99,160,139,103,158,1,226,30,75
38,148,63,232,91,80,28,38,30
63,113,51,22,99,82,14,63
57,47,160,113,98,127,57
1,44,42,221,127,1
237,113,160,128,237
83,170,99,83
197,30,197
30,30
34,146,173,168,202,134,87,76,175,247,66,34,12,37,239
41,224,87,70,47,6,10,219,157,22,41,69,140,139
26,211,127,63,191,246,86,170,197,26,69,38,51
207,238,95,102,33,108,243,157,207,93,58,149
48,129,38,239,74,100,160,48,148,138,175
63,141,164,22,86,177,135,63,20,58
70,159,228,31,100,87,81,70,63
14,127,149,83,87,164,14,228
12,173,202,87,175,12,239
69,87,47,10,69,139
69,127,191,69,51
93,95,93,149
148,148,175
20,20
35,128,168,175,14,164,195,127,105,77,129,5,35,48,36
230,113,37,139,30,114,182,158,72,17,137,230,23,239
21,118,224,133,74,43,103,58,187,1,21,48,207
50,109,69,118,82,158,141,66,20,50,10,47
17,150,68,58,94,87,48,149,17,51,65
17,127,160,1,95,100,14,17,30,42
17,95,149,113,82,86,28,17,175
1,93,173,116,108,86,23,1
48,175,164,127,77,5,48
23,30,182,72,137,23
48,43,58,1,48
10,141,20,10
51,149,51
30,30
