117,167,108,19,175,49,55,117,1,87,207,12,227,138,60
200,230,82,34,28,54,173,200,12,72,118,66,134,81
35,209,118,155,160,48,141,35,218,74,133,12,102
24,197,157,92,68,42,24,25,91,127,149,118
232,1,156,171,44,232,38,95,126,213,139
197,20,22,48,197,113,93,199,170,108
7,137,206,60,7,95,47,85,116
20,170,146,69,20,95,88,149
1,108,175,55,1,227,60
12,82,28,173,12,81
218,118,160,141,218
25,92,42,25
38,44,38
113,113
200,243,81,164,55,200,135,103,100,198,51,7,30,138,47
19,241,164,58,19,118,144,98,106,109,146,175,157,93
198,97,100,65,198,137,105,87,133,221,170,95,164
17,79,197,65,17,109,71,82,48,44,167,129
134,205,149,43,134,221,76,175,48,174,145
12,72,98,47,12,81,83,133,28,191
28,77,68,137,28,100,207,173,133
135,245,100,135,105,38,145,113
135,81,135,100,51,30,47
118,118,98,109,175,93
137,137,87,221,95
109,109,82,44
221,221,175
81,81
186,76,81,12,149,198,58,186,119,74,48,205,109,134,139
140,166,99,24,177,67,42,140,202,86,69,12,131,81
233,103,175,6,160,229,47,233,128,77,43,173,189
188,104,229,175,50,95,188,213,81,58,14,139
27,183,145,241,149,27,126,221,69,20,133
215,87,175,53,215,47,128,65,69,133
14,228,173,176,14,93,81,201,139
19,14,28,108,19,148,202,175
119,81,149,58,119,109,139
202,99,177,42,202,81
128,175,160,47,128
213,175,95,213
126,149,126
47,47
