124,54,51,46,217,76,99,124,133,48,155,1,7,159,141
34,82,201,76,47,80,191,34,133,22,156,12,166,141
19,63,148,53,164,187,81,19,25,209,160,201,128
209,232,177,240,76,77,209,116,104,173,48,159
123,38,48,82,95,123,99,227,149,42,126
205,61,100,91,205,44,65,72,1,167
139,85,69,98,139,42,149,22,108
12,202,69,86,12,145,209,173
133,51,217,99,133,7,141
133,201,47,191,133,141
25,148,164,81,25
116,240,77,116
99,95,99
44,44
124,91,181,202,108,124,7,24,20,144,141,225,47,102,109
6,103,177,91,6,127,54,63,78,72,58,99,145,137
21,190,89,82,21,133,197,22,102,75,69,137,166
2,77,51,6,2,20,29,47,159,30,24,133
133,221,57,30,133,10,69,160,91,20,195
12,197,81,20,12,149,66,72,65,109
17,42,141,7,17,6,226,68,139
23,148,152,23,65,241,81,175
7,181,7,20,141,47,109
127,127,63,72,99,137
133,133,22,75,137
20,20,47,30
10,10,160
149,149
206,213,109,46,202,74,128,206,5,63,100,12,44,159,25
19,202,145,58,93,125,128,19,195,1,85,12,154,164
121,61,113,100,51,82,108,121,131,43,95,28,155
231,102,31,51,74,227,231,139,201,141,28,126
130,48,87,31,93,130,164,238,224,27,102
129,202,241,86,129,150,23,99,14,160
1,58,50,191,1,20,93,65,109
129,185,241,91,129,139,159,166
5,109,202,128,5,44,25
195,145,93,128,195,164
131,113,51,108,131
139,51,227,139
164,93,164
150,150
