211,58,145,232,61,168,75,201,20,33,23,231,99,211,118
136,232,72,46,167,69,18,248,22,202,140,95,136,129
225,51,209,58,102,126,42,24,30,231,93,225,239
138,68,168,74,181,113,18,47,76,173,138,248
108,38,164,79,168,14,24,97,63,108,23
134,65,98,64,157,139,122,86,134,61
239,61,148,63,150,118,23,7,239
118,44,69,30,237,10,99,118
118,61,75,20,23,99,118
129,69,248,202,95,129
239,42,30,93,239
248,47,173,248
23,63,23
61,61
111,171,207,167,98,70,183,19,185,6,44,135,221,111,206
2,229,60,145,164,46,38,12,42,129,1,98,2,189
108,169,63,154,45,31,42,164,228,72,98,108,170
191,174,61,82,175,50,145,55,150,68,191,51
139,171,93,173,63,23,7,109,85,139,69
14,37,141,70,181,139,160,77,14,44
134,48,159,100,66,18,63,148,134
197,37,168,170,20,118,137,197
206,207,98,183,185,44,206
189,60,164,38,42,189
170,63,45,42,170
51,61,175,51
69,93,69
44,44
126,146,167,50,160,144,149,118,63,1,55,99,93,126,88
16,127,79,31,102,93,228,42,245,85,82,87,16,63
132,68,85,65,102,118,175,134,30,82,137,132,191
26,68,239,63,22,219,133,148,82,23,26,191
12,68,164,171,157,166,224,185,47,12,40
131,137,149,47,170,189,201,128,131,30
133,109,69,68,209,108,201,100,133
197,42,45,149,70,48,98,197
88,160,149,63,55,93,88
63,93,42,85,87,63
191,175,30,137,191
191,148,23,191
40,47,40
30,30
