76,171,137,76,206,60,7,159,95,48,47,102,85,131,116
236,28,170,236,146,69,20,87,70,95,102,88,123,149
19,167,108,19,175,55,1,87,207,12,227,138,60
34,230,82,34,28,173,12,72,118,66,134,81
155,209,118,155,160,141,218,74,133,12,102
157,197,157,92,42,25,91,127,149,118
156,1,156,44,38,95,126,213,139
22,20,22,113,93,199,170,108
206,137,206,95,47,85,116
146,170,146,95,88,149
175,108,175,227,60
28,82,28,81
160,118,160
92,92
19,97,19,100,39,65,198,137,105,87,133,221,170,95,164
26,79,26,197,62,65,17,109,71,82,48,44,167,129
19,205,19,149,70,43,134,221,76,175,48,174,145
159,72,159,98,230,47,12,81,83,133,28,191
66,77,66,68,64,137,28,100,207,173,133
28,245,28,100,134,135,105,38,145,113
164,81,164,55,135,100,51,30,47
164,164,58,118,98,109,175,93
100,100,65,137,87,221,95
197,197,65,109,82,44
149,149,43,221,175
98,98,47,81
68,68,137
100,100
215,194,228,215,173,176,14,31,93,70,81,33,201,133,139
11,71,14,11,28,108,19,88,63,148,16,202,102,175
12,76,81,12,149,58,119,74,48,205,109,134,139
24,166,99,24,177,42,202,86,69,12,131,81
6,103,175,6,160,47,128,77,43,173,189
229,104,229,175,95,213,81,58,14,139
145,183,145,149,126,221,69,20,133
175,87,175,47,128,65,69,133
173,228,173,93,81,201,139
28,14,28,148,202,175
149,81,149,109,139
177,99,177,81
160,175,160
175,175
