165,232,177,240,76,77,209,116,24,104,144,173,165,48,159
11,38,48,82,95,123,99,28,227,103,149,11,42,126
39,61,100,91,205,44,46,65,158,72,39,1,167
34,85,69,98,139,201,42,27,149,34,22,108
24,202,69,86,12,33,144,145,24,209,173
1,51,217,99,133,48,155,1,7,141
12,201,47,191,133,22,156,12,141
201,148,164,81,25,209,160,201
48,240,77,116,104,173,48
42,95,99,227,149,42
1,44,65,72,1
22,42,149,22
209,145,209
7,7
236,84,197,71,81,76,20,12,149,66,72,236,65,180,109
29,54,42,207,141,72,7,17,6,226,29,68,168,139
28,61,148,171,152,126,23,65,241,28,81,106,175
225,91,181,202,108,7,20,141,225,47,102,109
58,103,177,91,127,63,72,58,99,145,137
69,190,89,82,133,22,75,69,137,166
24,77,51,6,20,47,30,24,133
20,221,57,30,10,160,20,195
65,197,81,20,149,65,109
68,42,141,7,68,139
81,148,152,81,175
47,181,47,109
99,99,137
137,137
54,102,31,51,74,227,231,139,37,201,212,141,54,28,126
54,48,87,31,93,130,164,24,238,161,224,54,27,102
34,202,241,86,129,150,55,23,103,99,34,14,160
8,58,50,191,1,24,20,76,93,8,65,109
230,185,241,91,129,7,155,139,230,159,166
12,109,202,128,5,63,100,12,44,25
12,145,93,128,195,1,85,12,164
28,113,51,108,131,43,95,28
28,51,227,139,201,141,28
27,93,164,238,224,27
14,150,23,99,14
65,20,93,65
159,139,159
44,44
