176,10,202,159,175,19,113,158,93,176,245,207,51,189,148
50,202,171,103,88,140,237,159,191,50,28,69,55,219
230,242,157,44,188,202,225,98,230,218,14,51,171
19,91,80,233,118,224,148,19,42,63,58,168
57,232,72,134,145,81,57,170,20,240,171
27,14,100,133,103,27,81,7,195,232
6,237,141,22,168,6,227,113,118
1,149,170,23,99,1,213,128
245,202,175,113,93,245,148
28,171,88,237,191,28
218,44,202,98,218
42,118,148,42
170,81,170
81,81
111,17,95,158,75,133,81,111,65,35,191,142,240,226,42
19,242,109,100,14,241,19,48,26,209,249,139,215,164
220,19,164,6,170,220,61,198,109,123,126,232,128
46,218,91,238,141,46,171,49,5,189,129,37
36,23,141,139,247,36,58,1,135,133,171
28,209,77,248,164,28,160,63,126,51
69,75,77,5,149,69,51,127,202
40,100,72,137,40,61,164,116
65,95,75,65,191,240,42
48,109,48,209,139,164
61,61,109,126,128
171,171,5,129
58,58,135
160,160
212,94,81,104,98,134,116,166,87,212,44,18,232,247,113
12,241,94,102,93,129,122,162,157,12,44,171,167,169
7,10,168,93,107,177,31,77,7,20,69,175,113
230,82,74,14,109,222,72,230,47,43,232,146
46,30,173,138,91,164,46,227,70,129,139
61,221,31,129,167,61,91,65,175,170
7,116,170,134,77,7,40,68,137
70,160,92,197,87,70,63,109
44,81,98,116,87,44,113
44,94,93,122,157,44
20,93,177,77,20
47,109,72,47
227,164,227
91,91
