198,51,171,94,37,47,169,118,17,99,140,139,198,192,109
225,82,69,153,61,133,160,27,77,19,86,225,51,134
162,170,65,18,174,128,14,160,131,206,162,47,126
6,221,38,149,127,100,113,201,25,6,164,213
180,160,63,240,139,207,18,93,180,44,248
12,228,44,18,164,66,6,12,83,98
102,86,1,168,167,105,14,102,164
195,182,128,164,139,99,23,195
192,94,47,118,99,139,192
51,61,160,77,86,51
47,128,160,206,47
164,113,25,164
44,93,44
83,83
111,155,28,242,42,102,148,168,44,185,12,111,141,222,128
169,174,160,24,135,6,93,133,232,129,169,51,229,237
200,159,25,11,98,14,141,86,118,200,213,68,201
102,173,42,30,168,141,86,109,102,160,46,113
54,175,28,66,168,18,116,54,248,139,98
171,202,40,164,139,30,216,171,44,128
168,170,38,22,137,98,202,168,55
60,218,20,118,137,83,60,238
141,28,42,148,44,141,128
51,160,135,93,51,237
213,25,98,213,201
160,42,160,113
248,248,98
44,44
111,150,50,137,158,44,102,159,72,65,12,133,111,56,119
161,126,28,146,93,140,175,82,98,225,221,161,109,61
138,7,48,1,139,149,91,77,34,160,138,60,38
229,20,38,6,118,84,81,129,82,229,160,57
166,195,38,157,199,97,12,86,166,44,202
134,30,68,25,206,101,66,134,93,74
168,95,48,152,170,100,108,168,98
38,44,30,148,116,202,241,38
56,137,44,159,65,133,56
109,93,175,98,221,109
60,149,77,160,60
160,81,82,160
44,86,44
93,93
