111,249,25,166,240,29,23,111,18,126,45,98,44,91,42
54,48,221,167,170,103,77,54,7,225,171,79,129,128
16,202,118,12,160,32,197,16,18,81,58,221,134
64,55,23,44,87,30,64,20,93,68,175,128
16,128,27,24,81,16,237,218,47,173,108
138,221,66,31,138,18,95,1,168,122
133,126,181,1,133,109,170,77,118
22,242,18,14,22,118,149,213
18,25,240,23,18,44,42
7,221,170,77,7,128
18,118,160,197,18
20,44,30,20
237,81,237
18,18
138,37,113,156,100,138,7,85,99,53,201,158,247,229,109
106,68,181,12,106,201,76,70,46,171,72,145,128,47
219,64,173,50,219,108,91,51,39,61,100,141,134
140,6,12,14,140,248,103,81,48,145,153,116
138,40,14,20,138,116,209,70,37,168,205
14,191,150,10,14,44,209,63,99,108
133,28,12,61,133,86,68,189,118
129,10,18,129,242,14,168,127
7,113,7,99,201,247,109
201,201,70,171,145,47
108,108,51,61,141
248,248,81,145
116,116,70
44,44
235,140,57,154,159,105,65,235,23,218,158,102,44,31,51
235,205,182,33,164,24,100,235,20,229,55,31,91,170
106,17,44,166,149,105,93,106,42,77,170,99,85
19,52,158,113,185,77,19,66,134,145,146,232
6,48,64,103,30,6,113,108,38,99,86
12,1,28,31,12,60,42,240,170,87
188,50,24,26,188,42,69,148,113
188,38,149,1,188,47,69,113
23,57,159,65,23,44,51
20,182,164,100,20,170
42,44,149,93,42
66,113,77,66
113,30,113
60,60
