111,166,148,154,63,132,232,78,91,111,80,28,38,233,30
121,139,113,167,51,230,22,80,99,121,82,14,63,119
138,228,158,47,12,160,212,113,138,98,127,57,218
169,126,173,28,44,72,42,169,221,127,1,38
168,109,153,1,100,113,168,160,128,237,217
76,149,58,20,89,76,170,99,83,116
89,209,69,246,82,89,30,197,248
158,99,160,139,103,158,30,75
80,148,63,232,91,80,30
82,113,51,22,99,82
98,47,160,113,98
221,44,42,221
160,113,160
170,170
80,211,127,63,191,246,86,80,170,2,197,26,69,38,51
144,238,95,102,33,108,144,243,19,157,207,93,58,149
71,129,38,239,74,71,100,26,160,48,148,138,175
138,141,164,22,86,138,177,24,135,63,20,58
102,159,228,31,100,102,87,131,81,70,63
243,127,149,83,87,243,164,27,14,228
247,173,202,87,175,247,66,12,239
157,87,47,10,157,22,69,139
170,127,191,170,197,69,51
243,95,243,157,93,149
100,100,160,148,175
177,177,135,20
87,87,81
164,164
84,108,95,146,149,188,113,132,82,84,86,28,17,51,175
105,238,93,215,173,26,116,212,108,105,86,23,1,63
105,128,168,175,14,164,195,127,105,77,5,48,36
158,113,37,139,30,114,182,158,72,137,23,239
103,118,224,133,74,43,103,58,1,48,207
158,109,69,118,82,158,141,20,10,47
87,150,68,58,94,87,149,51,65
100,127,160,1,95,100,30,42
86,95,149,113,82,86,175
86,93,173,116,108,86
77,175,164,127,77
72,30,182,72
58,43,58
141,141
