121,167,108,48,98,16,160,11,47,233,22,121,129,125,66
211,145,55,128,66,98,35,245,19,160,211,109,86,18
16,175,232,207,113,12,47,159,150,16,173,248,61
114,14,86,70,37,126,173,30,114,190,98,63
123,86,31,14,55,224,94,123,137,92,238
102,145,100,47,69,6,102,109,93,20
138,174,86,211,22,159,138,182,137
129,148,150,92,218,66,129,118
129,108,98,160,47,22,129
109,128,98,245,160,109
173,113,47,150,173
190,126,30,190
137,94,137
109,109
184,159,170,229,95,70,160,206,168,184,128,115,237,36,23
102,48,116,229,77,63,22,185,102,149,187,100,17,40
123,118,94,228,58,22,173,123,113,138,77,207,20
225,238,99,43,51,237,225,108,31,92,14,128
140,239,98,18,23,148,140,109,134,42,38
140,120,202,47,109,148,140,139,74,25
120,241,109,164,116,175,120,205,51
145,65,91,22,113,145,89,14
128,170,95,160,128,237,23
149,116,77,149,100,40
113,94,113,77,20
108,108,92,128
109,109,42
139,139
121,167,116,87,98,33,227,46,61,19,100,121,148,86,14
147,191,241,98,53,47,225,202,24,18,147,170,134,28
211,61,100,24,228,34,30,15,148,211,159,133,195
145,148,97,25,65,221,170,216,145,113,72,197
102,239,72,23,68,173,160,102,129,92,126
102,217,58,24,70,159,102,116,224,137
102,128,139,68,53,22,102,148,137
145,133,126,239,51,170,145,30
148,116,98,227,61,100,148
170,98,47,202,18,170
159,228,30,148,159
113,221,216,113
129,160,129
116,116
