8,209,91,109,171,139,19,108,37,75,187,132,8,30,18
169,51,81,159,137,166,175,70,113,80,109,169,227,18
176,66,99,38,166,113,228,141,189,191,176,20,22
12,118,120,43,157,65,175,86,113,12,42,160
33,133,129,145,28,70,86,81,33,18,14
18,206,81,157,174,65,139,18,164,93
28,61,113,145,181,81,87,28,47
18,43,128,243,168,51,83,18
30,109,139,108,75,132,30
227,137,175,113,109,227
20,113,141,191,20
42,175,113,42
18,81,18
164,164
27,48,122,74,126,180,167,155,113,70,138,27,209,19,213
59,55,128,31,133,219,213,164,87,125,59,38,19,98
19,69,42,126,168,144,158,93,216,19,20,66,182
26,37,175,108,158,149,81,135,26,170,201,116
29,70,136,58,23,69,138,29,217,83,81
19,63,218,145,188,171,213,19,113,18
1,65,116,145,141,47,149,1,206
66,44,116,159,30,68,66,1
209,122,126,167,113,209,213
38,128,133,213,38,98
20,42,168,20,182
170,175,170,116
217,217,81
113,113
34,205,100,109,173,93,26,20,48,38,110,81,34,24,185
12,217,118,158,44,154,149,100,248,132,178,12,61,6
201,209,132,51,166,149,82,109,74,188,201,181,14
35,137,95,68,26,221,149,131,240,35,23,12
22,61,129,157,224,247,138,168,22,10,195
48,81,85,42,160,221,74,48,116,93
243,81,126,173,145,98,129,243,113
37,51,116,69,190,53,72,37
24,109,93,20,38,81,24
61,44,149,248,178,61
181,149,109,188,181
23,149,240,23
10,168,10
116,116
