147,82,248,159,7,142,77,147,139,100,126,1,149,45,69
230,76,116,159,30,103,58,230,224,177,132,204,145,61
31,191,128,239,213,72,148,31,129,217,125,218,38
102,14,187,108,31,164,102,139,177,134,7,70
102,7,173,167,175,102,109,206,195,247,48
224,98,32,170,224,116,109,126,138,68
157,99,240,168,157,139,69,22,68
134,95,197,149,134,175,126,48
139,248,7,77,139,149,69
224,116,30,58,224,61
129,128,213,148,129
139,108,164,139
109,175,109
116,116
158,74,164,166,86,158,139,26,239,136,108,11,10,37,240
233,103,6,82,233,133,105,81,178,127,24,75,48,149
189,74,170,82,189,118,103,20,114,109,233,30,58
117,31,141,38,117,68,233,30,19,45,108,70
107,213,182,47,107,139,26,128,133,28,149
125,229,28,175,125,42,19,205,133,176
141,201,47,42,141,77,126,23,57
128,99,137,128,245,25,7,48
139,164,139,239,108,10,240
133,133,81,127,75,149
118,118,20,109,30
68,68,30,45
139,139,128
42,42
162,82,68,1,65,89,221,162,170,245,190,14,137,70,118
173,28,61,6,25,239,98,173,137,18,108,246,50,116
154,22,171,28,30,168,43,154,137,93,38,199,70
156,86,18,109,228,61,156,149,63,128,25,48
125,20,170,81,42,125,160,30,65,109,70
153,217,50,95,153,44,42,69,116,171
166,20,160,157,166,164,40,139,51
148,40,197,77,148,175,65,70
170,68,65,221,170,137,118
137,61,25,98,137,116
137,171,30,43,137
149,109,61,149
160,42,160
44,44
