178,102,51,132,157,140,205,178,206,99,55,166,65,17,201
16,238,109,102,98,59,239,16,7,66,58,168,6,1
138,207,10,231,148,126,149,138,128,87,51,89,14
125,95,129,148,123,175,125,195,209,37,141,14
16,98,82,126,44,16,18,1,70,149,22
35,81,109,48,35,137,95,237,149,14
139,63,98,171,139,175,42,150,10
213,175,243,69,213,30,10,181
206,51,157,205,206,65,201
7,109,98,239,7,1
128,10,148,149,128
195,148,175,195
18,44,18
137,137
198,219,20,125,58,198,14,231,66,55,93,102,175,19,118
126,74,182,170,126,30,105,177,70,68,76,69,238,42
17,221,139,164,17,25,183,95,68,42,228,116,66
218,170,109,47,218,20,77,248,177,116,182,23
140,224,72,149,140,100,11,61,48,166,14
14,95,93,38,14,47,7,53,241,202
24,164,192,44,24,28,98,141,1
7,213,164,7,72,37,141,20
14,20,14,66,93,175,118
30,30,177,68,69,42
25,25,95,42,116
20,20,248,116
100,100,61
47,47
26,225,141,73,85,102,190,26,138,86,69,167,149,230,113
13,74,98,114,108,167,69,13,135,82,217,31,119,66
225,129,30,99,137,169,109,225,127,93,58,166,211
115,81,94,44,145,68,115,30,1,58,63,139
106,221,133,158,30,106,127,66,38,77,33
129,137,82,45,129,68,48,70,160,66
229,213,99,160,229,116,137,227,118
20,141,93,146,20,57,157,30
138,141,85,190,138,149,113
135,98,108,69,135,66
127,30,137,109,127
30,44,68,30
127,30,127
68,68
