180,177,199,180,170,42,109,81,30,108,160,145,181,7,137
50,76,81,50,61,51,126,138,132,95,115,164,17,30
48,50,30,48,109,47,139,86,72,171,113,207,122
166,48,85,166,249,1,14,134,74,37,24,170
224,220,227,224,170,42,113,98,228,217,188
65,98,65,137,160,20,126,238,181,197
51,81,51,164,141,237,113,42,239
173,218,173,141,94,72,23,238
170,199,170,30,160,181,137
61,81,61,95,164,30
109,30,109,113,122
249,85,249,170
170,227,170
137,137
146,82,146,158,29,58,26,150,140,81,92,68,24,61,12
154,46,154,167,26,12,233,241,138,217,119,38,102,66
37,227,37,145,66,30,139,150,99,164,128,167,118
102,108,102,58,17,38,120,69,103,86,168,209
189,63,189,47,50,77,6,191,128,167,30
180,141,180,157,20,108,139,95,158,30
249,170,249,70,128,127,65,145,20
180,180,58,109,98,75,168,116
158,158,58,150,81,68,61
167,167,12,241,217,38
145,145,30,150,164
58,58,38,69
47,47,77
157,157
102,106,66,102,145,28,12,78,61,140,227,158,69,236,141
48,66,141,48,247,22,188,99,83,128,6,182,17,139
161,52,87,161,240,42,129,86,76,168,175,14,108
50,74,149,50,164,58,160,201,118,153,1,148
158,31,116,158,160,42,10,109,98,170,25
158,82,158,148,240,30,127,99,243,239
166,85,166,95,77,109,86,145,157
145,77,145,227,127,81,51,25
145,66,145,61,227,69,141
247,141,247,128,182,139
240,87,240,175,108
164,149,164,148
160,116,160
148,148
