140,48,85,166,249,27,1,35,14,140,134,74,37,24,170
200,220,227,224,170,37,42,26,113,200,98,228,217,188
26,98,65,137,171,160,125,20,26,126,238,181,197
91,81,51,68,164,23,141,91,237,113,42,239
31,218,173,69,138,141,31,94,72,23,238
81,199,170,42,109,81,30,160,181,137
138,81,61,51,126,138,95,164,30
86,30,109,47,139,86,113,122
134,85,249,1,14,134,170
98,227,170,42,113,98
126,137,160,20,126
237,164,141,237
94,141,94
30,30
79,58,141,180,157,20,108,79,139,205,95,143,158,66,30
187,190,170,249,70,128,187,127,87,65,19,145,22,20
86,190,180,58,109,86,98,218,75,159,168,1,116
140,82,158,58,150,140,81,92,68,24,61,12
138,46,167,12,241,138,217,119,38,102,66
99,227,145,30,150,99,164,128,167,118
103,108,58,38,69,103,86,168,209
191,63,47,77,191,128,167,30
139,141,157,139,95,158,30
127,170,127,65,145,20
98,98,75,168,116
81,81,68,61
217,217,38
164,164
103,74,149,50,164,36,58,147,160,103,201,118,153,1,148
220,31,116,158,160,14,42,134,10,220,109,98,170,25
225,82,158,148,37,240,6,30,225,127,99,243,239
131,85,166,63,95,1,77,131,109,86,145,157
228,77,145,66,12,227,228,127,81,51,25
78,66,145,28,12,78,61,227,69,141
99,141,247,22,188,99,128,182,139
86,87,240,42,129,86,175,108
201,149,164,58,160,201,148
109,116,160,42,10,109
127,148,240,30,127
109,95,77,109
127,227,127
61,61
