111,28,170,236,146,111,69,20,87,70,95,102,88,123,149
49,167,108,19,175,49,55,1,87,207,12,227,138,60
54,230,82,34,28,54,173,12,72,118,66,134,81
48,209,118,155,160,48,141,218,74,133,12,102
68,197,157,92,68,42,25,91,127,149,118
171,1,156,171,44,38,95,126,213,139
48,20,22,48,113,93,199,170,108
60,137,206,60,95,47,85,116
69,170,146,69,95,88,149
55,108,175,55,227,60
173,82,28,173,81
141,118,160,141
42,92,42
44,44
124,241,164,124,58,19,118,144,98,106,109,146,175,157,93
39,97,100,39,65,198,137,105,87,133,221,170,95,164
62,79,197,62,65,17,109,71,82,48,44,167,129
70,205,149,70,43,134,221,76,175,48,174,145
230,72,98,230,47,12,81,83,133,28,191
64,77,68,64,137,28,100,207,173,133
134,245,100,134,135,105,38,145,113
55,81,55,135,100,51,30,47
58,58,118,98,109,175,93
65,65,137,87,221,95
65,65,109,82,44
43,43,221,175
47,47,81
137,137
48,71,14,11,28,48,108,19,88,63,148,16,202,102,175
198,76,81,12,149,198,58,119,74,48,205,109,134,139
67,166,99,24,177,67,42,202,86,69,12,131,81
229,103,175,6,160,229,47,128,77,43,173,189
50,104,229,175,50,95,213,81,58,14,139
241,183,145,241,149,126,221,69,20,133
53,87,175,53,47,128,65,69,133
176,228,173,176,93,81,201,139
108,14,28,108,148,202,175
58,81,149,58,109,139
42,99,177,42,81
47,175,160,47
95,175,95
149,149
