34,76,116,159,30,103,58,230,224,34,177,132,204,145,61
212,191,128,239,213,72,148,31,129,212,217,125,218,38
19,14,187,108,31,164,102,139,19,177,134,7,70
24,7,173,167,175,102,109,24,206,195,247,48
19,98,32,170,224,116,19,109,126,138,68
71,99,240,168,157,71,139,69,22,68
1,95,197,149,134,1,175,126,48
100,248,7,77,139,100,149,69
177,116,30,58,224,177,61
217,128,213,148,129,217
177,108,164,139,177
206,175,109,206
109,116,109
139,139
200,82,99,168,137,31,128,200,245,196,25,126,7,70,48
26,74,164,166,86,139,26,239,136,108,11,10,37,240
105,103,6,82,133,105,81,178,127,24,75,48,149
103,74,170,82,118,103,20,114,109,233,30,58
233,31,141,38,68,233,30,19,45,108,70
26,213,182,47,139,26,128,133,28,149
19,229,28,175,42,19,205,133,176
77,201,47,42,77,126,23,57
245,99,137,245,25,7,48
239,164,239,108,10,240
81,81,127,75,149
20,20,109,30
30,30,45
128,128
76,28,61,6,25,239,98,173,137,76,18,108,246,50,116
80,22,171,28,30,168,43,154,137,80,93,38,199,70
79,86,18,109,228,61,156,149,79,63,128,25,48
16,20,170,81,42,125,160,16,30,65,109,70
5,217,50,95,153,44,5,42,69,116,171
77,20,160,157,166,77,164,40,139,51
87,40,197,77,148,87,175,65,70
245,68,65,221,170,245,137,118
18,61,25,98,137,18,116
93,171,30,43,137,93
63,109,61,149,63
30,42,160,30
42,44,42
164,164
