144,185,63,144,145,99,232,133,30,247,47,177,81,134,170
200,26,12,200,168,91,66,199,89,81,37,195,158,139
243,1,63,243,77,65,157,206,74,37,202,145,127
102,38,7,102,168,137,224,135,100,40,138,173
74,28,137,74,170,141,173,153,182,87,211
161,70,161,68,228,18,118,86,171,132
91,70,91,227,164,240,218,68,108
156,18,156,42,171,195,87,249
145,63,145,30,47,81,170
168,12,168,81,195,139
77,63,77,202,127
168,7,168,173
170,137,170
68,68
76,17,76,141,62,93,29,197,132,126,173,128,65,135,108
200,31,200,201,186,42,29,12,195,116,158,23,103,129
105,12,105,93,77,118,66,20,189,47,168,61,145
82,22,82,14,48,188,173,28,138,95,93,126
104,12,104,98,176,38,6,118,99,48,128
99,17,99,10,69,24,213,197,51,137
159,175,159,68,66,139,95,30,127
99,99,68,244,137,160,65,20
141,141,93,197,126,128,135
201,201,42,12,116,23
93,93,118,20,47
14,14,188,28
98,98,38
10,10
151,36,7,151,182,99,19,232,109,102,149,70,98,107,139
142,193,66,142,173,69,19,123,74,23,31,42,189,109
31,204,42,31,81,126,150,206,87,48,113,173,213
144,26,47,144,77,171,99,180,243,87,240,51
103,37,47,103,216,139,23,108,232,58,173
156,28,156,93,48,148,217,175,241,134
87,217,87,7,18,85,173,241,134
31,69,31,20,127,81,61,240
182,7,182,109,149,98,139
173,66,173,23,42,109
81,42,81,113,213
77,47,77,51
216,47,216
93,93
