32,175,232,207,113,12,47,159,150,16,173,72,248,32,61
233,14,86,70,37,126,173,30,114,190,71,98,233,63
37,86,31,14,55,224,94,123,137,91,92,37,238
46,145,100,47,69,6,102,109,76,93,46,20
58,174,86,211,22,159,138,103,182,58,137
70,148,150,92,218,66,129,76,70,118
66,108,98,160,47,22,129,125,66
18,128,98,245,160,109,86,18
61,113,47,150,173,248,61
63,126,30,190,98,63
238,94,137,92,238
20,109,93,20
137,182,137
118,118
15,48,241,74,109,11,164,17,116,157,175,120,205,15,51
222,224,65,97,91,26,22,17,113,12,145,89,222,14
36,159,170,229,95,70,160,206,168,128,237,36,23
17,48,116,229,77,63,22,185,149,100,17,40
207,118,94,228,58,22,173,113,77,207,20
14,238,99,43,51,237,108,92,14,128
38,239,98,18,23,148,109,42,38
25,120,202,47,109,148,139,25
51,241,109,164,116,175,51
14,65,91,22,113,14
23,170,95,160,23
40,116,77,40
20,94,20
128,128
111,61,100,24,228,34,30,15,148,211,159,106,133,111,195
14,148,97,25,65,221,170,216,145,113,71,72,14,197
207,239,72,23,68,173,160,102,129,131,92,207,126
50,217,58,24,70,159,102,116,95,224,50,137
34,128,139,68,53,22,102,213,148,34,137
48,133,126,239,51,170,145,134,48,30
14,116,98,227,61,100,148,86,14
28,98,47,202,18,170,134,28
195,228,30,148,159,133,195
197,221,216,113,72,197
126,160,129,92,126
137,116,224,137
137,148,137
30,30
