117,197,157,92,68,42,24,25,87,91,190,127,117,149,118
29,1,156,171,44,232,38,103,95,208,126,29,213,139
16,20,22,48,197,113,218,93,119,199,16,170,108
102,137,206,60,7,159,95,48,47,102,85,116
102,170,146,69,20,87,70,95,102,88,149
12,108,175,55,1,87,207,12,227,60
66,82,28,173,12,72,118,66,81
12,118,160,141,218,74,133,12
149,92,42,25,91,127,149
213,44,38,95,126,213
170,113,93,199,170
85,95,47,85
88,95,88
227,227
162,211,72,159,98,230,47,12,81,83,133,162,28,114,191
236,145,77,66,68,64,137,28,100,207,236,173,244,133
155,19,245,28,100,134,135,105,38,155,145,138,113
7,243,81,164,55,135,100,51,7,30,138,47
146,241,164,58,118,98,109,146,175,157,93
170,97,100,65,137,87,221,170,95,164
167,79,197,65,109,82,44,167,129
174,205,149,43,221,175,174,145
28,72,98,47,81,28,191
173,77,68,137,173,133
145,245,100,145,113
30,81,30,47
175,175,93
95,95
102,104,229,175,50,95,188,213,84,81,140,58,102,14,139
200,183,145,241,149,27,126,74,221,48,69,200,20,133
1,87,175,53,215,47,101,128,126,65,1,69,133
33,228,173,176,14,31,93,70,81,33,201,139
16,14,28,108,19,88,63,148,16,202,175
205,81,149,58,119,74,48,205,109,139
12,99,177,42,202,86,69,12,81
173,175,160,47,128,77,43,173
14,175,95,213,81,58,14
20,149,126,221,69,20
69,47,128,65,69
201,93,81,201
202,148,202
109,109
