151,80,99,151,240,168,157,71,139,58,69,24,22,154,68
144,29,95,144,197,149,134,1,138,175,17,126,121,48
159,82,248,159,7,77,139,100,126,1,149,45,69
159,76,116,159,30,58,224,177,132,204,145,61
239,191,128,239,213,148,129,217,125,218,38
187,14,187,108,164,139,177,134,7,70
173,7,173,175,109,206,195,247,48
32,98,32,116,109,126,138,68
240,99,240,139,69,22,68
197,95,197,175,126,48
7,248,7,149,69
30,116,30,61
213,128,213
108,108
162,74,162,170,212,82,189,118,103,20,114,109,233,30,58
161,31,161,141,103,38,117,68,233,30,19,45,108,70
2,213,2,182,103,47,107,139,26,128,133,28,149
17,229,17,28,100,175,125,42,19,205,133,176
24,201,24,47,225,42,141,77,126,23,57
168,99,168,137,31,128,245,25,7,48
166,164,166,86,139,239,108,10,240
6,6,82,133,81,127,75,149
170,170,82,118,20,109,30
141,141,38,68,30,45
182,182,47,139,128
28,28,175,42
47,47,42
137,137
159,97,20,159,160,157,166,77,164,33,40,12,139,67,51
9,185,40,9,197,77,148,87,14,175,26,65,46,70
1,82,68,1,65,221,170,245,190,14,137,70,118
6,28,61,6,25,98,137,18,108,246,50,116
28,22,171,28,30,43,137,93,38,199,70
18,86,18,109,61,149,63,128,25,48
170,20,170,42,160,30,65,109,70
50,217,50,44,42,69,116,171
160,20,160,164,40,139,51
197,40,197,175,65,70
65,68,65,137,118
25,61,25,116
30,171,30
109,109
