215,232,99,53,170,205,61,183,7,215,68,102,118,72,160
41,72,148,131,51,55,61,106,69,41,217,94,213,12
142,82,123,148,70,98,89,23,142,51,158,128,218
48,228,126,209,227,18,93,48,160,157,191,158
102,82,191,48,28,20,102,1,98,168,5
158,79,221,58,12,158,20,95,166,28
48,209,51,45,1,48,93,157,20
153,77,109,197,1,153,127,141
68,99,170,61,7,68,160
217,148,51,61,69,217
51,148,98,23,51
160,227,93,160
1,20,1
20,20
212,228,98,45,51,24,28,212,63,92,170,157,113,17,85
211,104,227,48,28,20,211,157,103,139,238,175,66,237
200,99,190,55,95,200,70,31,141,168,133,145,108
169,221,48,14,85,169,167,158,126,102,217,155
143,91,119,38,218,143,241,158,77,166,22
144,77,70,63,128,144,42,167,108,160
70,68,58,65,116,70,99,175,1
168,171,93,95,168,157,134,152
63,98,51,63,170,113,85
157,227,157,139,175,237
70,70,141,133,108
167,167,126,217
241,241,77
42,42
158,97,99,70,1,50,28,245,79,158,69,103,109,6,22
154,173,44,106,127,19,42,80,23,154,18,77,108,168
53,100,126,118,17,47,71,81,53,22,164,160,28
176,86,108,69,175,24,94,176,25,160,128,170
54,171,58,70,72,126,54,148,98,134,181
215,98,129,6,16,215,44,38,118,240
70,86,61,207,19,70,137,135,170
168,23,209,55,1,168,113,60
69,99,1,28,79,69,22
18,44,127,42,23,18
22,118,47,81,22
25,175,94,25
148,126,148
44,44
