214,153,182,218,128,24,164,233,139,196,99,214,23,195,65
140,51,171,94,37,47,169,118,17,99,140,139,192,109
19,82,69,153,61,133,160,27,77,19,86,51,134
131,170,65,18,174,128,14,160,131,206,47,126
201,221,38,149,127,100,113,201,25,164,213
18,160,63,240,139,207,18,93,44,248
6,228,44,18,164,66,6,83,98
14,86,1,168,167,105,14,164
23,182,128,164,139,99,23
139,94,47,118,99,139
86,61,160,77,86
206,128,160,206
25,113,25
93,93
106,174,160,24,135,6,93,133,232,106,129,169,51,229,237
140,159,25,11,98,14,141,86,140,118,200,213,68,201
215,173,42,30,168,141,86,215,109,102,160,46,113
119,175,28,66,168,18,119,116,54,248,139,98
129,202,40,164,139,30,129,216,171,44,128
18,170,38,22,137,98,18,202,168,55
188,218,20,118,137,83,188,60,238
12,28,42,148,44,12,141,128
129,160,135,93,129,51,237
118,25,98,118,213,201
109,42,109,160,113
116,116,248,98
216,216,44
202,202
35,81,44,249,30,156,148,134,116,215,202,35,241,38,109
12,150,50,137,158,44,102,159,72,65,12,133,56,119
225,126,28,146,93,140,175,82,98,225,221,109,61
34,7,48,1,139,149,91,77,34,160,60,38
129,20,38,6,118,84,81,129,82,160,57
12,195,38,157,199,97,12,86,44,202
66,30,68,25,206,101,66,93,74
108,95,48,152,170,100,108,98
241,44,30,148,116,202,241
133,137,44,159,65,133
221,93,175,98,221
160,149,77,160
82,81,82
86,86
