140,18,167,133,243,48,81,53,87,158,170,190,43,140,201
230,108,153,28,242,72,22,91,66,175,36,65,230,213
35,109,141,79,12,19,100,166,175,48,42,35,191
249,109,94,127,87,42,239,93,58,77,249,248
126,113,157,98,42,245,173,63,85,126,57
119,150,224,197,103,1,158,109,119,44
48,113,145,137,44,30,174,65,48
230,148,175,95,63,22,50,230
201,243,81,87,170,43,201
213,72,91,175,65,213
191,100,175,42,191
248,93,77,248
57,85,57
44,44
13,171,166,169,174,131,30,91,141,14,148,158,42,13,116
19,134,83,145,91,14,98,56,81,55,191,64,19,63
140,169,100,224,216,26,57,48,28,173,209,140,22
219,167,173,145,44,7,76,48,168,128,219,88
118,171,95,97,237,38,63,189,65,118,98
205,167,86,87,45,47,145,99,205,149
118,104,72,85,61,95,150,175,118
14,224,167,139,228,201,93,14
116,166,174,30,141,148,116
63,83,91,98,81,63
22,100,216,57,22
88,173,44,88
98,95,98
149,149
236,159,169,195,127,74,42,37,38,165,102,53,65,236,14
12,189,99,129,82,175,222,116,224,141,45,69,12,18
133,164,182,72,104,68,87,14,149,129,44,133,202
24,128,149,125,82,55,219,42,249,202,24,116
118,72,157,135,100,68,154,63,98,118,20
24,42,175,128,77,23,12,68,24,248
33,42,168,201,81,14,12,116,33
1,145,98,86,31,224,48,1
14,127,42,38,102,65,14
18,175,116,141,69,18
202,87,149,44,202
116,42,202,116
20,98,20
248,248
