3,123,126,3,181,1,133,74,109,69,170,100,77,97,118
12,140,242,12,18,14,22,125,70,118,100,149,187,213
166,249,25,166,240,23,18,126,45,98,44,91,42
167,48,221,167,170,77,7,225,171,79,129,128
12,202,118,12,160,197,18,81,58,221,134
23,55,23,44,30,20,93,68,175,128
27,128,27,81,237,218,47,173,108
66,221,66,18,95,1,168,122
181,126,181,109,170,77,118
18,242,18,118,149,213
240,25,240,44,42
170,221,170,128
160,118,160
44,44
24,64,24,173,17,50,219,108,91,51,39,61,100,141,134
166,6,166,12,183,14,140,248,103,81,48,145,153,116
102,40,102,14,103,20,138,116,209,70,37,168,205
166,191,166,150,74,10,14,44,209,63,99,108
156,28,156,12,6,61,133,86,68,189,118
167,10,167,18,87,129,242,14,168,127
156,113,156,100,7,99,201,247,109
181,181,12,201,70,171,145,47
173,173,50,108,51,61,141
12,12,14,248,81,145
14,14,20,116,70
150,150,10,44
12,12,61
18,18
111,39,50,111,24,26,188,109,42,46,69,157,148,76,113
147,63,38,147,149,1,188,221,211,47,103,69,238,113
154,140,57,154,159,65,23,218,158,102,44,31,51
33,205,182,33,164,100,20,229,55,31,91,170
166,17,44,166,149,93,42,77,170,99,85
158,52,158,113,77,66,134,145,146,232
64,48,64,30,113,108,38,99,86
28,1,28,60,42,240,170,87
24,50,24,42,69,148,113
149,38,149,47,69,113
159,57,159,44,51
164,182,164,170
149,44,149
113,113
