111,138,102,148,24,175,222,95,219,63,13,22,111,50,230
190,18,167,133,243,48,81,53,87,158,170,190,43,201
36,108,153,28,242,72,22,91,66,175,36,65,213
48,109,141,79,12,19,100,166,175,48,42,191
58,109,94,127,87,42,239,93,58,77,248
63,113,157,98,42,245,173,63,85,57
109,150,224,197,103,1,158,109,44
65,113,145,137,44,30,174,65
50,148,175,95,63,22,50
43,243,81,87,170,43
65,72,91,175,65
42,100,175,42
77,93,77
85,85
49,134,83,145,91,14,98,56,81,55,191,49,64,19,63
106,169,100,224,216,26,57,48,28,173,106,209,140,22
55,167,173,145,44,7,76,48,168,55,128,219,88
134,171,95,97,237,38,63,189,134,65,118,98
134,167,86,87,45,47,145,134,99,205,149
68,104,72,85,61,95,150,68,175,118
128,224,167,139,228,201,93,128,14
42,166,174,30,141,148,42,116
64,83,91,98,81,64,63
209,100,216,57,209,22
128,173,44,128,88
65,95,65,98
99,99,149
175,175
111,171,103,145,132,98,177,86,27,31,15,224,111,48,1
53,159,169,195,127,74,42,37,38,165,102,53,65,14
45,189,99,129,82,175,222,116,224,141,45,69,18
129,164,182,72,104,68,87,14,149,129,44,202
249,128,149,125,82,55,219,42,249,202,116
63,72,157,135,100,68,154,63,98,20
68,42,175,128,77,23,12,68,248
116,42,168,201,81,14,12,116
48,145,98,86,31,224,48
65,127,42,38,102,65
69,175,116,141,69
44,87,149,44
202,42,202
98,98
