105,145,55,128,66,98,35,245,19,160,211,109,105,86,18
72,175,232,207,113,12,47,159,150,16,173,72,248,61
71,14,86,70,37,126,173,30,114,190,71,98,63
91,86,31,14,55,224,94,123,137,91,92,238
76,145,100,47,69,6,102,109,76,93,20
103,174,86,211,22,159,138,103,182,137
76,148,150,92,218,66,129,76,118
125,108,98,160,47,22,129,125
86,128,98,245,160,109,86
248,113,47,150,173,248
98,126,30,190,98
92,94,137,92
93,109,93
182,182
117,224,65,97,91,26,22,17,113,12,145,117,89,222,14
115,159,170,229,95,70,160,206,168,128,115,237,36,23
187,48,116,229,77,63,22,185,149,187,100,17,40
138,118,94,228,58,22,173,113,138,77,207,20
31,238,99,43,51,237,108,31,92,14,128
134,239,98,18,23,148,109,134,42,38
74,120,202,47,109,148,139,74,25
205,241,109,164,116,175,205,51
89,65,91,22,113,89,14
237,170,95,160,237,23
100,116,77,100,40
77,94,77,20
92,92,128
42,42
123,191,241,98,53,47,225,202,24,18,147,170,123,134,28
106,61,100,24,228,34,30,15,148,211,159,106,133,195
71,148,97,25,65,221,170,216,145,113,71,72,197
131,239,72,23,68,173,160,102,129,131,92,126
95,217,58,24,70,159,102,116,95,224,137
213,128,139,68,53,22,102,213,148,137
134,133,126,239,51,170,145,134,30
86,116,98,227,61,100,148,86
134,98,47,202,18,170,134
133,228,30,148,159,133
72,221,216,113,72
92,160,129,92
224,116,224
148,148
