111,121,63,111,98,171,139,28,175,64,42,145,150,17,10
198,74,175,198,243,69,213,22,171,30,76,10,19,181
132,102,51,132,157,205,206,99,55,166,65,17,201
102,238,109,102,98,239,7,66,58,168,6,1
231,207,10,231,148,149,128,87,51,89,14
129,95,129,148,175,195,209,37,141,14
82,98,82,44,18,1,70,149,22
109,81,109,137,95,237,149,14
98,63,98,175,42,150,10
243,175,243,30,10,181
157,51,157,65,201
98,109,98,1
148,10,148
148,148
187,221,187,139,53,164,17,25,183,95,68,42,228,116,66
166,170,166,109,159,47,218,20,77,248,177,116,182,23
106,224,106,72,162,149,140,100,11,61,48,166,14
138,95,138,93,173,38,14,47,7,53,241,202
133,164,133,192,49,44,24,28,98,141,1
31,213,31,164,155,7,72,37,141,20
125,20,125,58,14,66,93,175,118
182,182,170,30,177,68,69,42
139,139,164,25,95,42,116
109,109,47,20,248,116
72,72,149,100,61
93,93,38,47
192,192,44
164,164
112,187,213,112,99,160,229,6,116,55,137,224,227,117,118
103,243,141,103,93,146,20,66,207,57,102,157,138,30
73,225,141,73,85,190,138,86,69,167,149,230,113
114,74,98,114,108,69,135,82,217,31,119,66
99,129,30,99,137,109,127,93,58,166,211
94,81,94,44,68,30,1,58,63,139
133,221,133,30,127,66,38,77,33
82,137,82,68,48,70,160,66
99,213,99,116,137,227,118
93,141,93,57,157,30
85,141,85,149,113
108,98,108,66
137,30,137
44,44
